%time,field.ad1,field.ad2,field.ad3,field.ad4,field.ad5,field.ad6,field.ad7
1716469672065979024,2234,2244,2831,2854,2875,2895,2952
1716469672080710150,2233,2229,2854,2799,2748,2744,2974
1716469672095295283,2244,2255,2844,2836,2826,2886,2962
1716469672110246571,2222,2216,2825,2777,2734,2716,2901
1716469672125502510,2210,2214,2831,2840,2843,2744,2945
1716469672140203232,2242,2258,2846,2804,2753,2741,2940
1716469672155764990,2216,2204,2854,2799,2744,2719,2931
1716469672170237320,2272,2266,2824,2796,2752,2764,3001
1716469672185554151,2207,2212,2860,2810,2849,2896,2887
1716469672200188078,2194,2201,2860,2781,2764,2765,2994
1716469672215222750,2252,2256,2844,2846,2832,2764,2923
1716469672376287441,2252,2256,2844,2846,2832,2764,2923
1716469672391231857,2245,2233,2825,2788,2741,2730,2894
1716469672406270525,2268,2252,2802,2832,2832,2867,2928
1716469672421282030,2216,2224,2858,2804,2758,2770,2972
1716469672436327535,2232,2233,2830,2860,2851,2770,2940
1716469672451228403,2222,2223,2852,2808,2764,2746,2934
1716469672466868887,2260,2263,2812,2832,2732,2717,2914
1716469672481253970,2252,2207,2863,2810,2763,2759,2995
1716469672496241493,2232,2242,2850,2806,2741,2721,2893
1716469672511233257,2246,2233,2854,2804,2766,2748,2986
1716469672526590960,2215,2209,2833,2804,2734,2724,2895
1716469672541276607,2240,2244,2825,2799,2782,2760,3232
1716469672556247405,2214,2216,2857,2789,2734,2722,2903
1716469672571188416,2231,2221,2853,2785,2736,2708,2867
1716469672586216991,2272,2252,2824,2830,2740,2745,2951
1716469672601233002,2235,2225,2853,2811,2726,2726,2894
1716469672616144913,2232,2229,2831,2809,2765,2744,2949
1716469672631223738,2248,2234,2818,2795,2748,2736,2988
1716469672646215437,2244,2216,2852,2802,2763,2722,2856
1716469672662622861,2216,2216,2857,2816,2790,2774,2926
1716469672677269380,2248,2248,2816,2837,2828,2736,2905
1716469672692257637,2247,2241,2829,2797,2754,2743,2893
1716469672707188559,2252,2273,2854,2854,2822,2732,2923
1716469672722261478,2224,2217,2854,2816,2773,2730,2970
1716469672737146991,2264,2248,2826,2863,2781,2748,2904
1716469672752240594,2249,2233,2860,2809,2737,2726,2985
1716469672768153085,2210,2208,2855,2812,2728,2884,3253
1716469672783725506,2254,2250,2845,2825,2756,2728,2895
1716469672798184354,2206,2212,2864,2799,2853,2914,3238
1716469672813222667,2233,2261,2853,2794,2744,2735,2949
1716469672828167114,2206,2230,2826,2842,2846,2905,2957
1716469672843249294,2249,2230,2844,2816,2780,2779,2976
1716469672858218903,2246,2242,2844,2848,2848,2754,2911
1716469672873244172,2232,2232,2845,2810,2770,2744,2986
1716469672888196031,2220,2211,2828,2794,2724,2694,2862
1716469672903284931,2226,2230,2840,2800,2743,2761,3001
1716469672918248755,2211,2208,2861,2799,2748,2729,2920
1716469672933290736,2217,2217,2849,2794,2765,2777,3016
1716469672948202806,2224,2216,2849,2848,2841,2758,2934
1716469672963630682,2245,2255,2819,2803,2748,2697,3164
1716469672979262301,2225,2220,2846,2810,2740,2736,2947
1716469672994254414,2240,2200,2868,2795,2753,2760,2990
1716469673009509043,2249,2258,2821,2790,2738,2718,2865
1716469673025269324,2252,2241,2824,2785,2726,2693,2890
1716469673040219086,2255,2242,2849,2792,2757,2768,2960
1716469673055329827,2234,2242,2836,2841,2836,2765,2974
1716469673070266799,2214,2217,2861,2816,2740,2692,2949
1716469673085354501,2230,2213,2851,2819,2752,2736,2913
1716469673100200525,2202,2206,2856,2798,2736,2692,2913
1716469673115463002,2218,2216,2851,2796,2754,2736,2927
1716469673130233580,2190,2222,2830,2805,2758,2733,2936
1716469673145703726,2245,2209,2857,2800,2728,2685,2834
1716469673160234101,2212,2213,2843,2791,2758,2755,3273
1716469673175209728,2234,2218,2850,2797,2732,2693,2841
1716469673190241988,2220,2210,2828,2789,2735,2873,3216
1716469673205192847,2250,2255,2865,2802,2728,2709,2906
1716469673220160962,2278,2271,2827,2790,2840,2873,3177
1716469673235189922,2253,2245,2861,2810,2728,2736,2956
1716469673251302458,2246,2226,2847,2812,2737,2728,3002
1716469673266303451,2250,2248,2863,2778,2736,2704,2858
1716469673283610840,2274,2255,2829,2792,2748,2710,2862
1716469673298652552,2256,2240,2852,2808,2732,2700,2932
1716469673317872325,2230,2229,2858,2804,2739,2713,3209
1716469673332540948,2225,2209,2858,2802,2733,2732,2978
1716469673347660376,2248,2244,2856,2811,2764,2774,2967
1716469673364011193,2257,2257,2840,2858,2848,2757,2945
1716469673380059532,2243,2221,2756,2787,2728,2714,2896
1716469673394355621,2253,2252,2847,2800,2771,2729,3230
1716469673409895526,2245,2241,2860,2806,2767,2746,2938
1716469673426009422,2213,2216,2857,2810,2755,2753,2932
1716469673440656928,2266,2257,2828,2788,2720,2701,2872
1716469673456506185,2256,2256,2826,2804,2762,2733,2964
1716469673470719463,2258,2253,2847,2846,2778,2772,2975
1716469673486120989,2242,2211,2852,2810,2730,2722,2967
1716469673500538286,2221,2260,2818,2796,2741,2740,2940
1716469673515286405,2250,2258,2844,2821,2774,2744,2904
1716469673676285128,2250,2258,2844,2821,2774,2744,2904
1716469673691222468,2208,2247,2827,2794,2742,2728,2940
1716469673706278069,2232,2230,2853,2809,2772,2772,3022
1716469673721256260,2212,2224,2825,2809,2752,2764,2952
1716469673736240122,2221,2221,2859,2808,2758,2709,3189
1716469673751219250,2245,2251,2828,2846,2835,2764,2975
1716469673766328255,2203,2210,2856,2810,2754,2746,2962
1716469673781350626,2271,2253,2820,2830,2735,2730,2938
1716469673796553958,2268,2232,2828,2791,2737,2724,3212
1716469673811183757,2221,2228,2847,2824,2780,2754,2898
1716469673826648000,2223,2228,2856,2790,2748,2754,3021
1716469673843226195,2248,2226,2824,2806,2714,2847,3159
1716469673858237038,2266,2249,2847,2848,2766,2744,2936
1716469673873227517,2253,2261,2854,2804,2725,2709,2924
1716469673890210902,2267,2279,2838,2799,2767,2768,3304
1716469673905144206,2339,2337,2856,2865,2832,2730,2884
1716469673920203395,2295,2328,2808,2801,2755,2732,3219
1716469673937236750,2308,2312,2863,2782,2724,2708,2870
1716469673952643122,2309,2334,2808,2804,2741,2728,2894
1716469673968184534,2284,2320,2845,2801,2736,2713,2940
1716469673985243105,2312,2304,2825,2794,2724,2696,2902
1716469674000317726,2280,2285,2849,2823,2760,2900,3217
1716469674015342017,2265,2281,2718,2767,2730,2694,2902
1716469674030747267,2242,2226,2856,2802,2828,2874,3192
1716469674047216426,2253,2220,2851,2802,2759,2745,3268
1716469674062222818,2284,2278,2826,2790,2758,2738,2891
1716469674077836355,2261,2258,2833,2822,2763,2908,3230
1716469674094201804,2206,2262,2834,2811,2738,2704,2900
1716469674109596367,2265,2255,2865,2851,2760,2774,2939
1716469674124178910,2235,2226,2863,2790,2757,2755,2956
1716469674143328226,2228,2246,2852,2810,2746,2729,2959
1716469674156214215,2266,2271,2882,2828,2759,2713,2933
1716469674171668424,2254,2249,2838,2796,2756,2736,2989
1716469674188226307,2252,2242,2856,2806,2743,2712,2891
1716469674204811600,2244,2232,2848,2864,2776,2776,2979
1716469674218616633,2254,2248,2842,2806,2752,2764,3030
1716469674236029972,2240,2244,2829,2793,2730,2742,2916
1716469674251249219,2259,2236,2842,2788,2719,2724,2954
1716469674266384081,2234,2228,2852,2795,2724,2710,2870
1716469674281245522,2232,2220,2840,2804,2738,2697,3178
1716469674298260084,2267,2264,2823,2797,2744,2910,3238
1716469674313642027,2224,2269,2844,2803,2745,2724,2912
1716469674328617954,2248,2192,2844,2801,2764,2768,2991
1716469674345200233,2252,2241,2848,2809,2759,2725,2883
1716469674360703616,2285,2257,2820,2820,2732,2729,2934
1716469674375199990,2276,2267,2847,2792,2720,2700,2866
1716469674392280336,2220,2212,2824,2802,2780,2766,3278
1716469674407194133,2276,2269,2851,2798,2728,2715,2910
1716469674422612011,2224,2209,2860,2775,2722,2704,3207
1716469674439192331,2247,2262,2800,2788,2753,2746,2984
1716469674454319659,2208,2212,2842,2800,2741,2716,2868
1716469674469193311,2259,2260,2851,2801,2761,2732,3250
1716469674484565857,2209,2248,2840,2800,2748,2710,2869
1716469674501307097,2276,2280,2839,2812,2723,2724,2944
1716469674517820335,2241,2242,2832,2795,2733,2709,2856
1716469674531784358,2263,2255,2811,2826,2745,2744,2896
1716469674548207075,2214,2212,2828,2805,2742,2729,2904
1716469674563652551,2229,2240,2822,2799,2747,2737,2983
1716469674578963042,2266,2241,2842,2808,2764,2738,2928
1716469674595228054,2247,2280,2847,2855,2848,2742,2923
1716469674610261924,2264,2228,2860,2805,2738,2720,2980
1716469674625300828,2276,2279,2820,2804,2752,2742,3246
1716469674642706018,2236,2220,2836,2852,2847,2897,2967
1716469674657220849,2249,2221,2826,2780,2729,2718,2886
1716469674672579942,2243,2235,2850,2843,2821,2732,2922
1716469674689262467,2264,2266,2853,2783,2834,2895,3207
1716469674704704429,2261,2261,2848,2801,2760,2760,2961
1716469674719210354,2287,2256,2863,2803,2743,2724,2889
1716469674734241628,2230,2255,2826,2803,2748,2744,2934
1716469674751205803,2276,2254,2848,2796,2728,2728,2900
1716469674766217510,2231,2224,2862,2783,2804,2871,3164
1716469674781288425,2270,2228,2854,2784,2722,2752,2966
1716469674798632338,2260,2260,2822,2796,2733,2696,2909
1716469674813758437,2243,2229,2855,2802,2722,2860,3178
1716469674828535878,2266,2258,2824,2789,2717,2699,2871
1716469674846004333,2276,2250,2829,2783,2716,2704,2880
1716469674860219666,2265,2232,2860,2793,2761,2730,3232
1716469674875157397,2283,2281,2820,2817,2767,2755,2959
1716469674892249854,2281,2252,2843,2799,2726,2705,2862
1716469674907226086,2280,2268,2856,2806,2746,2739,2981
1716469674922256376,2232,2227,2848,2810,2758,2741,2893
1716469674937234119,2265,2271,2852,2809,2786,2764,3297
1716469674954207585,2226,2234,2847,2785,2719,2704,2936
1716469674969254822,2287,2281,2810,2783,2732,2716,2916
1716469674984474328,2222,2212,2848,2788,2758,2894,2948
1716469675001228109,2245,2255,2848,2793,2728,2712,3201
1716469675016241226,2245,2234,2822,2836,2746,2728,2940
1716469675031208898,2272,2282,2840,2804,2729,2882,3174
1716469675048175643,2250,2260,2854,2812,2758,2760,3297
1716469675064660146,2234,2229,2853,2837,2837,2902,2964
1716469675079187328,2230,2213,2863,2809,2753,2730,2896
1716469675096217062,2252,2268,2820,2792,2744,2744,2953
1716469675111219569,2288,2220,2866,2782,2816,2852,3120
1716469675126208136,2267,2220,2856,2812,2776,2767,2976
1716469675143622998,2261,2254,2850,2808,2741,2704,2829
1716469675158229362,2282,2262,2822,2794,2758,2921,3260
1716469675173238310,2232,2236,2828,2804,2721,2725,2929
1716469675188226150,2241,2241,2830,2777,2820,2874,3174
1716469675205561579,2252,2234,2852,2808,2778,2756,3285
1716469675220192800,2262,2290,2825,2808,2758,2752,2930
1716469675235237482,2254,2229,2853,2805,2735,2905,3234
1716469675252234796,2248,2249,2844,2796,2756,2773,3035
1716469675268611869,2224,2224,2858,2783,2829,2870,3177
1716469675283628884,2274,2273,2825,2782,2737,2720,2938
1716469675300934334,2255,2258,2817,2785,2754,2732,2972
1716469675315510584,2219,2243,2856,2802,2733,2881,3228
1716469675330198620,2256,2204,2840,2800,2722,2704,2844
1716469675347256791,2277,2257,2828,2794,2745,2752,2946
1716469675362203800,2232,2223,2867,2809,2744,2705,2884
1716469675377194079,2250,2249,2847,2801,2780,2774,2954
1716469675392241262,2274,2284,2825,2816,2737,2734,2940
1716469675410676962,2284,2290,2825,2793,2725,2719,2912
1716469675425238913,2229,2229,2866,2792,2839,2902,2927
1716469675441748476,2306,2304,2819,2833,2741,2722,2930
1716469675460480565,2232,2234,2858,2800,2844,2896,3221
1716469675474221104,2261,2241,2853,2775,2745,2757,2969
1716469675489211137,2233,2249,2811,2840,2848,2883,2932
1716469675506239618,2280,2264,2841,2804,2744,2901,3242
1716469675521227640,2260,2261,2820,2793,2742,2733,2932
1716469675536629348,2289,2260,2864,2788,2832,2903,3243
1716469675553616256,2221,2208,2852,2804,2762,2728,3239
1716469675568207831,2282,2301,2871,2798,2736,2716,2921
1716469675583219114,2256,2232,2842,2792,2716,2840,3126
1716469675600201887,2242,2244,2847,2773,2732,2726,2972
1716469675615233355,2235,2229,2855,2784,2730,2710,2864
1716469675630660956,2253,2232,2856,2808,2754,2755,3248
1716469675647185783,2230,2224,2860,2800,2728,2702,2906
1716469675662476405,2262,2257,2845,2806,2741,2740,2959
1716469675677266790,2255,2247,2830,2804,2759,2760,2975
1716469675693573173,2261,2258,2830,2792,2837,2896,2977
1716469675710221167,2251,2260,2846,2808,2746,2735,3255
1716469675725225731,2306,2288,2827,2780,2736,2693,2905
1716469675740208911,2248,2211,2852,2808,2716,2856,3187
1716469675757266784,2289,2297,2826,2796,2753,2760,2973
1716469675772158335,2274,2260,2852,2823,2776,2742,2900
1716469675787244920,2266,2272,2847,2810,2774,2773,3294
1716469675804173002,2219,2210,2853,2780,2834,2867,3170
1716469675819234542,2280,2288,2856,2799,2746,2762,2964
1716469675834564081,2221,2247,2846,2818,2793,2768,2917
1716469675851217702,2279,2281,2845,2810,2714,2861,3202
1716469675866238149,2263,2244,2864,2800,2722,2704,2900
1716469675881247721,2243,2245,2860,2802,2744,2902,3183
1716469675896205156,2260,2266,2844,2799,2729,2769,2974
1716469675913600477,2234,2271,2822,2783,2712,2697,2901
1716469675928173326,2228,2222,2837,2796,2737,2857,3210
1716469675943284705,2272,2260,2843,2842,2772,2752,2948
1716469675960182121,2252,2232,2853,2791,2728,2715,2915
1716469675975590312,2250,2245,2828,2790,2730,2722,3214
1716469675990637532,2271,2290,2848,2802,2735,2706,2914
1716469676007222096,2290,2277,2830,2808,2764,2754,2941
1716469676022257465,2246,2253,2853,2801,2745,2732,2978
1716469676037605021,2245,2242,2845,2829,2820,2873,2868
1716469676054245554,2234,2249,2848,2808,2746,2890,2986
1716469676069326199,2293,2305,2820,2780,2733,2700,2864
1716469676084343569,2252,2222,2846,2800,2736,2710,2914
1716469676101296079,2232,2225,2852,2799,2758,2732,2903
1716469676116302144,2257,2246,2858,2808,2742,2718,2960
1716469676131281877,2252,2229,2852,2850,2773,2764,2970
1716469676146633770,2232,2236,2855,2810,2741,2728,2963
1716469676163802754,2220,2220,2858,2801,2769,2766,2975
1716469676178257274,2247,2228,2855,2862,2826,2740,2906
1716469676193651785,2228,2225,2851,2817,2788,2736,3016
1716469676210754700,2208,2218,2860,2783,2705,2671,2820
1716469676225290548,2233,2232,2847,2848,2848,2881,2938
1716469676240207127,2222,2226,2874,2794,2753,2743,2888
1716469676257290080,2217,2211,2855,2804,2731,2724,2937
1716469676272237360,2252,2258,2847,2795,2756,2746,2917
1716469676287541875,2233,2240,2848,2790,2729,2756,2938
1716469676304289323,2285,2262,2822,2796,2727,2703,2996
1716469676319219303,2252,2242,2837,2817,2763,2910,3234
1716469676334281431,2257,2249,2821,2807,2728,2729,2932
1716469676349291382,2224,2215,2856,2782,2832,2893,3208
1716469676367219450,2220,2226,2852,2802,2740,2732,2926
1716469676382312018,2228,2224,2854,2857,2837,2883,2954
1716469676397272474,2234,2240,2822,2805,2761,2720,3169
1716469676414794010,2224,2216,2858,2817,2746,2748,2968
1716469676429273008,2252,2257,2848,2780,2824,2884,2898
1716469676444334516,2214,2195,2852,2796,2744,2758,2977
1716469676463279821,2235,2229,2842,2785,2842,2914,3224
1716469676478277729,2252,2240,2848,2819,2780,2780,2985
1716469676493309291,2244,2243,2845,2825,2789,2744,2884
1716469676510294033,2233,2212,2854,2800,2734,2887,3218
1716469676525225503,2260,2252,2824,2796,2729,2701,2868
1716469676540212413,2241,2226,2861,2802,2862,2910,3226
1716469676557281547,2281,2262,2828,2807,2744,2726,2912
1716469676572224128,2219,2225,2852,2800,2735,2696,2898
1716469676587268879,2219,2225,2833,2801,2752,2920,3249
1716469676602249164,2231,2244,2846,2804,2744,2741,2914
1716469676619261369,2230,2209,2852,2809,2755,2764,2927
1716469676634311065,2216,2221,2847,2797,2757,2739,3213
1716469676649310312,2085,2214,2855,2808,2753,2733,2909
1716469676667295345,2228,2262,2848,2803,2720,2886,3211
1716469676682277585,2210,2211,2850,2794,2725,2707,2889
1716469676697271982,2100,2242,2745,2755,2792,2840,3196
1716469676714242649,2241,2256,2825,2805,2747,2700,2854
1716469676729279893,2255,2240,2830,2800,2760,2732,2914
1716469676744283660,2287,2245,2830,2804,2738,2712,2920
1716469676761685277,2209,2209,2864,2792,2752,2752,2991
1716469676776216606,2165,2226,2845,2800,2772,2768,2965
1716469676791193891,2255,2254,2843,2789,2769,2764,2947
1716469676808248682,2242,2247,2850,2796,2836,2891,3232
1716469676823362644,2246,2228,2846,2828,2759,2753,2916
1716469676838287273,2229,2223,2861,2828,2840,2904,2969
1716469676854272845,2233,2232,2841,2808,2756,2744,2940
1716469676871269957,2245,2233,2850,2848,2849,2752,2945
1716469676886249354,2204,2207,2832,2806,2754,2726,2974
1716469676901246936,2247,2250,2866,2795,2737,2700,2848
1716469676918284705,2217,2219,2825,2850,2849,2906,2957
1716469676933303408,2232,2204,2842,2805,2744,2718,2872
1716469676948283235,2226,2226,2847,2858,2844,2742,2930
1716469676965291289,2207,2198,2853,2810,2740,2708,2866
1716469676980364466,2234,2214,2861,2791,2758,2772,2986
1716469676995207538,2249,2240,2828,2830,2836,2896,2970
1716469677012214884,2208,2209,2854,2821,2746,2885,3224
1716469677027288378,2222,2224,2850,2797,2746,2746,2964
1716469677042352960,2233,2227,2845,2788,2836,2902,3217
1716469677057308823,2260,2250,2830,2802,2764,2769,2955
1716469677075321713,2228,2222,2842,2844,2810,2854,2921
1716469677090235043,2248,2236,2832,2789,2727,2731,2918
1716469677105289678,2224,2229,2860,2845,2845,2753,2931
1716469677122214246,2240,2242,2870,2792,2836,2901,3207
1716469677137320551,2260,2245,2826,2795,2754,2767,2954
1716469677152204646,2236,2230,2851,2784,2725,2701,2849
1716469677170270603,2240,2244,2823,2786,2717,2688,3164
1716469677185262002,2254,2251,2828,2800,2809,2760,2960
1716469677200583482,2225,2222,2858,2804,2725,2705,2960
1716469677218315641,2269,2273,2853,2808,2740,2712,2876
1716469677233307689,2222,2208,2854,2800,2858,2900,3214
1716469677248317409,2204,2227,2831,2794,2741,2756,2976
1716469677265708162,2226,2256,2796,2776,2718,2699,2905
1716469677280608419,2264,2261,2818,2800,2737,2904,3232
1716469677295728798,2268,2218,2864,2804,2737,2729,2914
1716469677310705112,2208,2257,2828,2773,2812,2867,3220
1716469677327306087,2201,2204,2848,2807,2763,2755,3257
1716469677342366286,2233,2253,2830,2804,2754,2745,2938
1716469677357637371,2214,2230,2844,2802,2741,2884,3189
1716469677374293924,2259,2244,2852,2795,2748,2758,2992
1716469677389598280,2197,2206,2854,2810,2746,2733,2890
1716469677404215741,2232,2220,2838,2784,2739,2700,3241
1716469677421831241,2234,2228,2761,2800,2741,2714,2855
1716469677436358538,2245,2216,2833,2794,2734,2737,2937
1716469677451728783,2203,2231,2842,2804,2730,2718,2900
1716469677468281036,2254,2244,2820,2793,2738,2714,2936
1716469677483127981,2222,2234,2847,2852,2769,2766,2972
1716469677498468489,2252,2233,2834,2803,2738,2736,2992
1716469677515726304,2222,2218,2859,2781,2760,2770,2971
1716469677530584745,2134,2224,2850,2856,2843,2741,2940
1716469677545256541,2244,2248,2835,2799,2754,2738,3225
1716469677560224103,2209,2214,2851,2824,2743,2729,2897
1716469677578395119,2270,2262,2805,2835,2844,2910,2929
1716469677592254215,2248,2265,2836,2799,2759,2753,2935
1716469677607252054,2250,2252,2826,2833,2811,2717,2917
1716469677624238865,2234,2241,2847,2803,2740,2714,2892
1716469677639295403,2232,2222,2860,2800,2753,2766,3035
1716469677654665126,2264,2258,2820,2834,2845,2896,2950
1716469677671241368,2229,2240,2856,2806,2756,2748,2940
1716469677686314390,2236,2208,2846,2804,2752,2733,2953
1716469677701191819,2229,2228,2846,2737,2825,2859,2900
1716469677864309510,2229,2228,2846,2737,2825,2859,2900
1716469677881284453,2222,2214,2860,2800,2755,2737,2950
1716469677896329449,2221,2255,2829,2787,2726,2881,3243
1716469677911236730,2244,2229,2861,2797,2745,2724,2887
1716469677928284579,2208,2254,2825,2785,2724,2718,2908
1716469677943238280,2217,2223,2846,2808,2740,2696,3176
1716469677958236961,2215,2180,2857,2793,2758,2723,2921
1716469677975305345,2220,2250,2829,2808,2733,2720,2896
1716469677990271892,2216,2216,2821,2794,2768,2754,2997
1716469678005306820,2254,2240,2834,2800,2761,2756,2934
1716469678022295795,2241,2221,2845,2850,2773,2771,2978
1716469678037276012,2252,2241,2864,2810,2745,2748,3023
1716469678052281190,2234,2232,2847,2808,2784,2754,2921
1716469678068230233,2233,2244,2849,2807,2735,2721,2921
1716469678085315249,2241,2217,2854,2794,2730,2709,2890
1716469678100248392,2247,2248,2828,2790,2742,2704,3193
1716469678115674065,2213,2204,2853,2784,2727,2704,2904
1716469678132716944,2264,2256,2818,2805,2724,2728,2870
1716469678147313993,2243,2230,2822,2808,2758,2768,3009
1716469678162662150,2232,2218,2848,2796,2744,2747,2911
1716469678179310632,2264,2254,2819,2840,2741,2724,2927
1716469678194431237,2286,2247,2846,2792,2742,2738,2926
1716469678209397155,2233,2233,2850,2804,2756,2762,2980
1716469678226711825,2210,2211,2857,2792,2717,2672,2829
1716469678241376126,2217,2213,2847,2796,2766,2729,3250
1716469678256293942,2222,2212,2853,2804,2760,2740,2907
1716469678273734792,2252,2248,2824,2837,2829,2748,2898
1716469678288201504,2264,2248,2829,2799,2753,2774,3284
1716469678303672801,2219,2216,2857,2847,2836,2771,2893
1716469678318308395,2255,2273,2832,2793,2738,2714,2975
1716469678337080702,2251,2236,2826,2781,2720,2716,2895
1716469678350502877,2218,2214,2857,2800,2742,2725,2904
1716469678365859692,2254,2266,2830,2776,2725,2707,2911
1716469678383253457,2257,2233,2827,2792,2740,2713,2892
1716469678398704136,2266,2272,2844,2802,2733,2880,3222
1716469678414094293,2229,2230,2846,2804,2732,2712,2911
1716469678430812401,2229,2216,2846,2784,2703,2700,2888
1716469678446031598,2257,2256,2857,2789,2728,2714,2908
1716469678460759975,2226,2252,2823,2793,2720,2675,2875
1716469678478356965,2216,2216,2858,2806,2753,2905,3237
1716469678493323688,2220,2211,2858,2801,2733,2736,2968
1716469678508237927,2265,2252,2849,2798,2848,2890,3204
1716469678525300782,2217,2220,2848,2788,2742,2737,3246
1716469678540307227,2283,2249,2830,2817,2740,2720,2882
1716469678555291455,2210,2206,2847,2806,2741,2904,3246
1716469678570315804,2257,2260,2846,2799,2727,2711,2904
1716469678589679682,2260,2264,2862,2802,2753,2756,2952
1716469678602291290,2260,2249,2833,2794,2718,2681,3156
1716469678617656603,2222,2222,2861,2795,2748,2712,2912
1716469678634794513,2248,2250,2841,2804,2761,2744,2945
1716469678649591648,2213,2212,2858,2806,2772,2755,2988
1716469678664746868,2218,2211,2861,2795,2752,2742,2916
1716469678682797280,2224,2225,2840,2804,2741,2743,2953
1716469678696667214,2256,2273,2828,2801,2709,2684,2876
1716469678711708099,2244,2229,2840,2812,2722,2701,2872
1716469678729286264,2217,2231,2796,2838,2818,2859,2901
1716469678744229035,2264,2225,2862,2808,2756,2764,2973
1716469678759294641,2240,2233,2835,2856,2841,2740,2903
1716469678774612926,2224,2215,2865,2812,2747,2722,2968
1716469678791300492,2268,2207,2808,2788,2714,2680,2850
1716469678806232253,2218,2212,2843,2783,2745,2733,2966
1716469678821238416,2265,2257,2823,2778,2742,2728,2900
1716469678840258837,2234,2233,2828,2806,2755,2738,2924
1716469678853352251,2250,2233,2844,2808,2753,2713,2873
1716469678868238941,2228,2224,2852,2781,2715,2728,2936
1716469678885263692,2226,2218,2823,2788,2727,2697,2875
1716469678900245189,2225,2207,2868,2822,2741,2871,3184
1716469678915385639,2233,2210,2850,2816,2738,2722,2924
1716469678932282312,2247,2225,2844,2798,2752,2740,2898
1716469678947840390,2234,2230,2854,2801,2760,2741,3266
1716469678962335241,2219,2218,2826,2804,2764,2759,2940
1716469678977318476,2254,2262,2828,2808,2717,2861,3218
1716469678994278141,2285,2282,2840,2801,2736,2710,2924
1716469679009262490,2244,2221,2857,2811,2755,2760,2960
1716469679024253103,2259,2247,2833,2801,2734,2706,2869
1716469679041225688,2221,2221,2860,2816,2753,2752,2995
1716469679056243768,2220,2212,2885,2767,2821,2839,3115
1716469679071235009,2265,2232,2823,2790,2756,2756,2975
1716469679088205691,2242,2226,2862,2804,2734,2690,2860
1716469679103253981,2248,2245,2852,2847,2756,2758,2957
1716469679264366160,2248,2245,2852,2847,2756,2758,2957
1716469679282784226,2236,2226,2850,2797,2757,2734,2934
1716469679300291183,2256,2258,2845,2804,2713,2730,2949
1716469679315283975,2229,2259,2848,2788,2847,2896,3203
1716469679331751658,2273,2260,2821,2852,2753,2729,2898
1716469679348257931,2218,2185,2844,2829,2828,2732,2908
1716469679363632692,2265,2244,2847,2795,2741,2752,2955
1716469679378286590,2221,2213,2853,2850,2834,2733,2922
1716469679395652200,2232,2246,2852,2804,2753,2909,3192
1716469679410270506,2230,2207,2861,2792,2744,2729,2950
1716469679425265751,2219,2224,2846,2826,2824,2846,2882
1716469679442268339,2254,2249,2823,2805,2752,2892,3250
1716469679457262480,2246,2248,2824,2794,2724,2691,2849
1716469679472228190,2226,2226,2854,2783,2828,2867,3184
1716469679489309812,2214,2228,2849,2801,2776,2725,3204
1716469679504285934,2241,2236,2863,2795,2760,2740,2927
1716469679519898471,2203,2212,2855,2808,2744,2725,2929
1716469679534321551,2240,2242,2832,2805,2734,2732,2937
1716469679551328289,2259,2243,2832,2775,2713,2688,2858
1716469679566304698,2220,2228,2848,2799,2746,2721,3225
1716469679581619007,2241,2244,2832,2795,2740,2705,2888
1716469679598275332,2263,2258,2808,2800,2743,2735,2909
1716469679613462715,2246,2225,2822,2805,2748,2733,2985
1716469679628233751,2215,2064,2860,2801,2729,2716,2889
1716469679645446044,2221,2221,2854,2846,2745,2738,2949
1716469679660240772,2271,2266,2829,2811,2766,2759,2921
1716469679675627338,2219,2213,2861,2789,2756,2752,2956
1716469679693314617,2244,2240,2827,2837,2826,2873,2937
1716469679708256704,2220,2200,2861,2796,2738,2735,2874
1716469679723231565,2229,2240,2847,2788,2734,2729,2911
1716469679740883885,2234,2232,2848,2797,2733,2702,2860
1716469679755317314,2233,2222,2846,2797,2729,2717,2934
1716469679770574125,2216,2227,2820,2776,2830,2891,2959
1716469679785256265,2234,2229,2853,2798,2756,2726,2899
1716469679802677005,2253,2232,2852,2810,2759,2757,2978
1716469679817721196,2241,2242,2852,2800,2844,2896,3213
1716469679832288262,2221,2218,2827,2782,2754,2759,2970
1716469679849291915,2258,2207,2858,2795,2728,2721,2893
1716469679864882820,2268,2280,2828,2804,2732,2874,3232
1716469679879655053,2210,2264,2819,2793,2725,2733,2928
1716469679897001979,2270,2244,2834,2798,2745,2753,2922
1716469679911261656,2222,2224,2836,2805,2744,2720,2895
1716469679926701764,2220,2243,2844,2851,2846,2764,2939
1716469679943398089,2207,2255,2824,2783,2717,2706,2886
1716469679958309484,2258,2244,2809,2781,2741,2724,2959
1716469679973310167,2220,2230,2839,2794,2744,2733,2916
1716469679988762438,2240,2250,2854,2804,2748,2730,3229
1716469680005298975,2258,2245,2844,2798,2744,2719,2984
1716469680020626293,2215,2219,2849,2804,2734,2711,2887
1716469680035335436,2257,2257,2836,2794,2759,2765,3023
1716469680052563122,2200,2197,2857,2796,2734,2697,2916
1716469680068250264,2276,2266,2860,2782,2724,2675,3172
1716469680083682265,2250,2245,2818,2792,2725,2697,2918
1716469680100225695,2255,2254,2820,2805,2756,2758,2914
1716469680115259705,2211,2206,2849,2808,2765,2888,2924
1716469680130393075,2212,2215,2846,2797,2732,2712,2852
1716469680147240539,2256,2263,2837,2830,2733,2721,2940
1716469680162243314,2131,2232,2822,2795,2722,2704,3204
1716469680177284771,2256,2259,2821,2820,2768,2766,2936
1716469680194259529,2217,2207,2856,2782,2745,2719,2905
1716469680209173363,2234,2216,2847,2796,2732,2861,3158
1716469680224244608,2264,2282,2826,2820,2736,2720,2932
1716469680239626816,2201,2221,2853,2790,2724,2609,3147
1716469680256295986,2262,2245,2858,2802,2754,2759,2925
1716469680271328821,2250,2264,2824,2809,2730,2701,2853
1716469680286303342,2252,2244,2824,2776,2728,2693,3216
1716469680303660407,2205,2208,2860,2793,2733,2719,2860
1716469680318292205,2226,2226,2824,2826,2753,2753,2938
1716469680333310883,2219,2220,2856,2790,2754,2746,3278
1716469680351302910,2244,2252,2848,2817,2756,2734,2856
1716469680366224261,2229,2216,2847,2810,2742,2881,3205
1716469680381658008,2220,2205,2864,2788,2732,2716,2946
1716469680398206520,2222,2217,2840,2837,2764,2748,2908
1716469680413257137,2247,2228,2836,2798,2774,2752,3284
1716469680428220575,2222,2240,2849,2803,2745,2728,2926
1716469680443279953,2230,2230,2853,2811,2747,2892,3231
1716469680460593738,2219,2221,2852,2792,2761,2744,2974
1716469680475741248,2226,2205,2860,2795,2734,2722,2906
1716469680490677908,2244,2247,2848,2806,2763,2696,3169
1716469680507293099,2231,2209,2859,2796,2719,2717,2960
1716469680522355957,2268,2252,2860,2788,2718,2700,2873
1716469680537308591,2232,2234,2857,2808,2768,2748,2965
1716469680554308296,2197,2240,2832,2788,2736,2706,2871
1716469680569248923,2277,2270,2843,2832,2734,2712,2926
1716469680584231671,2243,2243,2839,2796,2740,2735,2982
1716469680601320336,2242,2236,2847,2792,2756,2747,2931
1716469680616234458,2227,2232,2853,2843,2808,2711,2923
1716469680631891246,2296,2222,2849,2797,2740,2714,2948
1716469680649264585,2222,2218,2839,2837,2756,2752,2912
1716469680664327581,2263,2250,2825,2778,2708,2891,3235
1716469680679219419,2218,2213,2849,2796,2726,2700,2868
1716469680694297553,2220,2224,2848,2797,2742,2730,2966
1716469680711238986,2220,2245,2837,2798,2709,2851,3160
1716469680726272659,2260,2241,2849,2849,2756,2760,2956
1716469680741237416,2247,2244,2829,2795,2737,2711,2952
1716469680758316208,2241,2255,2850,2820,2760,2722,3264
1716469680773793280,2230,2220,2846,2794,2729,2694,2855
1716469680788235020,2268,2271,2824,2809,2757,2896,3240
1716469680805313413,2265,2258,2850,2803,2764,2764,3028
1716469680820287980,2252,2265,2852,2811,2738,2696,2860
1716469680835245839,2223,2240,2842,2804,2762,2761,3292
1716469680852219787,2265,2252,2863,2804,2744,2742,2996
1716469680867225514,2229,2223,2846,2798,2728,2714,2902
1716469680882308864,2213,2218,2852,2824,2780,2764,2929
1716469680897257783,2247,2264,2818,2805,2754,2744,2912
1716469680914258520,2252,2245,2855,2833,2730,2707,2862
1716469680929292171,2228,2222,2848,2825,2765,2758,2961
1716469680944227333,2250,2216,2829,2791,2734,2718,2911
1716469680961355325,2260,2252,2830,2854,2833,2735,2929
1716469680976251108,2228,2224,2856,2790,2752,2729,2918
1716469680991277901,2248,2229,2854,2841,2745,2723,2934
1716469681008733625,2209,2192,2832,2824,2816,2729,2913
1716469681023266786,2252,2231,2854,2790,2716,2713,2892
1716469681038296784,2215,2207,2848,2780,2735,2735,3236
1716469681055232176,2259,2232,2845,2786,2812,2857,3153
1716469681070299404,2214,2210,2855,2784,2730,2725,2944
1716469681085216633,2226,2214,2822,2828,2808,2850,2890
1716469681100542335,2220,2208,2833,2785,2737,2736,2947
1716469681117235904,2233,2214,2826,2801,2726,2693,2852
1716469681132249570,2232,2223,2854,2794,2842,2874,3200
1716469681147371521,2229,2223,2838,2806,2754,2762,2970
1716469681164295110,2256,2255,2826,2789,2742,2717,2926
1716469681179863881,2212,2205,2846,2809,2752,2752,2952
1716469681194300643,2212,2216,2847,2806,2756,2743,2945
1716469681213282429,2231,2229,2859,2804,2768,2758,2950
1716469681236323061,2232,2226,2849,2816,2752,2704,2845
1716469681252422022,2232,2235,2860,2822,2766,2735,2920
1716469681270302162,2265,2250,2822,2781,2736,2716,2883
1716469681285496178,2228,2205,2860,2788,2728,2720,2898
1716469681301289257,2223,2230,2849,2798,2758,2760,2976
1716469681319723856,2222,2222,2830,2834,2833,2885,2940
1716469681334300543,2230,2222,2858,2797,2765,2765,2947
1716469681349305688,2209,2210,2853,2847,2834,2759,2970
1716469681366309178,2260,2251,2825,2796,2738,2696,2870
1716469681381263281,2264,2233,2836,2797,2745,2776,2992
1716469681396240012,2255,2271,2810,2822,2821,2885,2952
1716469681414281879,2227,2225,2826,2804,2768,2748,3274
1716469681429566746,2248,2233,2854,2832,2741,2724,2889
1716469681444225887,2232,2245,2853,2800,2717,2868,3194
1716469681461254770,2251,2244,2846,2826,2772,2738,2931
1716469681476236599,2244,2202,2854,2804,2768,2767,2952
1716469681491212014,2213,2226,2848,2799,2731,2684,2839
1716469681508234948,2218,2205,2867,2807,2738,2737,2996
1716469681523275427,2270,2263,2824,2788,2724,2721,2913
1716469681538303115,2292,2249,2838,2792,2754,2730,2974
1716469681553319804,2248,2246,2858,2823,2770,2752,2927
1716469681570239410,2268,2254,2840,2841,2728,2709,2894
1716469681585304308,2271,2269,2827,2776,2736,2721,2984
1716469681600401377,2242,2222,2826,2799,2730,2698,2888
1716469681617255126,2287,2282,2818,2852,2828,2741,2938
1716469681632207943,2240,2232,2850,2804,2722,2678,2917
1716469681647741514,2246,2247,2847,2849,2766,2774,2970
1716469681664238922,2212,2221,2817,2833,2834,2870,2904
1716469681679519758,2220,2221,2855,2794,2752,2756,2956
1716469681694362248,2225,2250,2852,2803,2744,2708,2852
1716469681711273788,2236,2240,2860,2776,2838,2882,3242
1716469681726267919,2240,2234,2840,2786,2706,2724,2894
1716469681741348110,2252,2234,2836,2832,2816,2853,2892
1716469681756289691,2242,2230,2842,2790,2761,2745,2926
1716469681773279803,2231,2232,2850,2802,2747,2738,2959
1716469681788242222,2226,2226,2870,2796,2841,2901,3228
1716469681803837744,2236,2226,2849,2801,2723,2726,2982
1716469681821262624,2247,2247,2818,2847,2816,2858,2860
1716469681836220673,2244,2247,2818,2778,2729,2716,2923
1716469681851264300,2233,2232,2844,2848,2812,2716,2881
1716469681868242519,2260,2268,2838,2768,2828,2895,2932
1716469681883248171,2242,2248,2853,2803,2737,2710,2880
1716469681898356273,2229,2228,2851,2841,2839,2905,2926
1716469681915247466,2206,2225,2841,2785,2720,2710,2870
1716469681930857920,2212,2208,2861,2796,2734,2723,2924
1716469681945566459,2235,2216,2858,2797,2734,2725,2925
1716469681960301264,2232,2223,2852,2807,2752,2758,2979
1716469681977230463,2232,2196,2865,2793,2722,2690,2935
1716469681992288561,2137,2245,2836,2794,2759,2733,2932
1716469682007275184,2245,2252,2847,2797,2744,2728,2996
1716469682024290278,2230,2211,2844,2801,2753,2756,2953
1716469682039266060,2228,2223,2857,2850,2828,2740,2937
1716469682054314681,2234,2225,2824,2800,2746,2736,2956
1716469682071277470,2244,2229,2850,2812,2761,2742,2936
1716469682086258529,2227,2214,2838,2837,2826,2847,2837
1716469682101195421,2268,2221,2854,2793,2743,2762,2923
1716469682118276191,2223,2207,2858,2816,2747,2720,2868
1716469682133276994,2229,2229,2846,2796,2863,2911,3217
1716469682148199221,2217,2211,2860,2804,2744,2758,2983
1716469682165427880,2220,2216,2844,2794,2748,2727,2929
1716469682180338855,2198,2218,2848,2805,2747,2895,2960
1716469682195226308,2290,2213,2856,2783,2722,2703,2892
1716469682210313680,2241,2259,2831,2778,2805,2866,3211
1716469682228192745,2264,2233,2825,2789,2735,2746,2960
1716469682243298191,2252,2250,2812,2825,2832,2872,2921
1716469682258638726,2209,2224,2849,2788,2734,2742,2937
1716469682275855473,2263,2208,2824,2790,2715,2691,2930
1716469682290784329,2256,2253,2843,2784,2836,2901,3218
1716469682306143854,2242,2222,2840,2784,2719,2688,2878
1716469682322264970,2215,2223,2850,2804,2763,2738,2932
1716469682337629035,2256,2253,2836,2794,2702,2844,2898
1716469682352753123,2214,2218,2862,2782,2716,2700,2970
1716469682371227686,2233,2216,2846,2808,2760,2760,2906
1716469682384342705,2217,2214,2858,2802,2780,2761,3299
1716469682399829451,2229,2230,2848,2796,2734,2695,2958
1716469682414913683,2255,2271,2842,2746,2724,2870,3200
1716469682432729487,2247,2262,2854,2796,2730,2729,2980
1716469682447785130,2271,2236,2864,2804,2724,2700,2887
1716469682462314355,2252,2243,2836,2789,2743,2709,2892
1716469682479641483,2215,2214,2852,2807,2754,2726,2980
1716469682494307479,2212,2217,2828,2826,2744,2716,2904
1716469682509270082,2214,2215,2850,2801,2741,2757,3000
1716469682526342156,2264,2228,2849,2795,2741,2706,2889
1716469682541261891,2264,2244,2822,2791,2732,2699,3222
1716469682556219149,2218,2214,2862,2794,2743,2713,2858
1716469682573347350,2236,2216,2829,2780,2744,2744,2976
1716469682589219774,2216,2211,2858,2812,2745,2725,2905
1716469682603776716,2241,2221,2832,2803,2767,2768,2962
1716469682620745190,2185,2222,2753,2794,2731,2714,2932
1716469682635738294,2216,2219,2866,2785,2831,2885,3203
1716469682650413531,2234,2223,2847,2794,2756,2764,2975
1716469682665687917,2218,2230,2847,2821,2857,2902,2956
1716469682682592596,2222,2211,2828,2818,2736,2880,3221
1716469682697334809,2251,2256,2826,2802,2732,2702,2854
1716469682712227087,2220,2227,2854,2788,2845,2888,3224
1716469682729687251,2217,2220,2861,2788,2742,2671,3180
1716469682744300727,2214,2209,2864,2796,2734,2724,2907
1716469682759304611,2188,2244,2844,2800,2745,2722,2904
1716469682776194313,2226,2196,2855,2805,2760,2746,2994
1716469682791305930,2235,2229,2847,2794,2724,2725,2962
1716469682806598596,2249,2243,2840,2801,2748,2742,3257
1716469682823193979,2232,2228,2864,2803,2714,2692,3182
1716469682838303757,2245,2229,2844,2820,2741,2719,2880
1716469682853766598,2243,2224,2852,2802,2740,2744,2986
1716469682868672374,2245,2244,2839,2796,2745,2713,2860
1716469682885289772,2284,2276,2822,2827,2716,2694,2904
1716469682900258882,2204,2216,2844,2788,2708,2694,2920
1716469682915374196,2228,2213,2849,2765,2719,2693,2916
1716469682932204326,2224,2211,2856,2842,2735,2690,2840
1716469682947261360,2253,2243,2847,2781,2732,2708,3224
1716469682962272885,2233,2231,2839,2802,2734,2716,2957
1716469682979288787,2213,2211,2845,2834,2811,2848,2900
1716469682994266040,2244,2232,2835,2783,2735,2719,2886
1716469683009297238,2217,2212,2873,2864,2835,2767,2952
1716469683026272669,2216,2204,2852,2791,2740,2729,2920
1716469683041300795,2226,2232,2852,2792,2764,2762,3003
1716469683056290760,2258,2250,2808,2841,2846,2919,2994
1716469683071271415,2240,2254,2857,2804,2754,2736,3188
1716469683088281670,2217,2218,2849,2794,2744,2737,3004
1716469683103268732,2260,2234,2827,2783,2728,2709,2876
1716469683118242482,2231,2218,2857,2807,2739,2737,2952
1716469683135246994,2221,2233,2839,2799,2770,2753,2924
1716469683150267338,2258,2230,2831,2807,2715,2872,2936
1716469683165309252,2257,2258,2848,2796,2744,2740,2992
1716469683182315504,2230,2216,2858,2798,2757,2768,2952
1716469683198067360,2232,2232,2854,2846,2836,2733,2936
1716469683212215168,2253,2254,2824,2789,2740,2702,2932
1716469683229795918,2241,2231,2854,2792,2734,2733,2962
1716469683244230668,2236,2249,2841,2845,2830,2884,2968
1716469683259546716,2225,2206,2852,2794,2726,2702,2918
1716469683276706576,2257,2256,2835,2800,2711,2704,2864
1716469683291287040,2242,2234,2863,2789,2822,2853,3189
1716469683306327106,2226,2219,2861,2782,2706,2704,2854
1716469683321543172,2207,2210,2840,2838,2826,2874,2932
1716469683338292505,2225,2216,2824,2793,2719,2703,2864
1716469683353284254,2255,2248,2824,2800,2735,2739,2966
1716469683368339228,2244,2254,2821,2770,2806,2854,3167
1716469683385289451,2213,2216,2864,2796,2758,2757,3296
1716469683400308457,2206,2200,2856,2792,2752,2730,2918
1716469683415305992,2233,2235,2847,2804,2758,2897,3218
1716469683433339983,2225,2178,2854,2820,2744,2767,3020
1716469683448412175,2205,2153,2864,2775,2817,2713,2897
1716469683463859299,2235,2246,2844,2797,2722,2709,2874
1716469683480325174,2234,2229,2848,2801,2748,2713,2961
1716469683495457801,2250,2250,2848,2819,2776,2908,3233
1716469683510751313,2236,2207,2847,2818,2769,2760,2953
1716469683525712420,2269,2280,2808,2789,2727,2698,3107
1716469683543344474,2225,2219,2863,2793,2733,2712,2864
1716469683558253093,2224,2216,2732,2808,2782,2850,2909
1716469683573566602,2217,2213,2855,2781,2752,2737,2916
1716469683591295238,2224,2248,2849,2799,2742,2700,2848
1716469683606241869,2225,2232,2856,2836,2773,2909,3234
1716469683621301865,2248,2252,2848,2798,2752,2738,2951
1716469683638313460,2204,2225,2828,2800,2744,2732,2908
1716469683653429857,2261,2256,2843,2799,2768,2728,3245
1716469683668302602,2217,2212,2863,2804,2759,2717,2884
1716469683685370526,2218,2208,2847,2804,2735,2717,2912
1716469683700238090,2254,2246,2840,2797,2764,2757,3016
1716469683715273248,2247,2220,2849,2808,2777,2772,2954
1716469683732648260,2255,2261,2842,2828,2736,2711,2917
1716469683747884257,2207,2202,2865,2800,2720,2703,2980
1716469683762343128,2241,2248,2824,2778,2725,2707,2884
1716469683777276180,2216,2215,2846,2798,2744,2734,2967
1716469683794444851,2252,2245,2830,2816,2765,2735,2916
1716469683809262037,2233,2220,2848,2849,2742,2725,2958
1716469683824322644,2250,2276,2841,2792,2740,2716,2969
1716469683841324839,2222,2220,2847,2795,2768,2778,2977
1716469683856298424,2226,2228,2840,2842,2800,2708,2922
1716469683871295414,2236,2222,2856,2793,2739,2714,2940
1716469683888338595,2227,2208,2852,2802,2741,2753,2984
1716469683903302543,2259,2257,2812,2844,2835,2882,2932
1716469683922532915,2220,2216,2851,2855,2843,2740,2891
1716469683938414326,2252,2251,2848,2799,2737,2724,2995
1716469683953320670,2225,2222,2846,2799,2844,2891,2905
1716469683968213800,2243,2267,2852,2797,2748,2746,2975
1716469683985337127,2230,2234,2852,2796,2680,2668,2911
1716469684000438170,2214,2266,2820,2845,2759,2726,2910
1716469684015886135,2220,2214,2820,2804,2733,2709,2911
1716469684030294074,2226,2220,2849,2793,2736,2718,2921
1716469684047428455,2220,2202,2848,2844,2824,2730,2873
1716469684062293553,2255,2250,2824,2796,2739,2712,2947
1716469684077880338,2229,2226,2849,2842,2726,2706,2923
1716469684094278571,2209,2221,2845,2841,2831,2881,2934
1716469684109854003,2258,2268,2840,2792,2737,2740,2948
1716469684124312553,2265,2270,2829,2862,2845,2753,2949
1716469684141289643,2244,2230,2832,2789,2839,2882,3225
1716469684156285805,2233,2241,2852,2820,2784,2791,2987
1716469684171708126,2213,2208,2799,2820,2819,2874,2939
1716469684188277555,2218,2209,2860,2800,2722,2861,3162
1716469684203273739,2210,2156,2856,2786,2710,2705,2904
1716469684218351730,2241,2240,2833,2772,2793,2838,3113
1716469684233318822,2206,2209,2852,2796,2724,2733,2935
1716469684250876451,2218,2247,2826,2793,2741,2717,2862
1716469684265206328,2217,2222,2846,2809,2747,2889,3216
1716469684280237904,2254,2247,2822,2805,2740,2745,2955
1716469684297257447,2226,2208,2857,2795,2754,2754,2932
1716469684312322995,2252,2261,2846,2798,2762,2735,2920
1716469684327651154,2244,2230,2850,2812,2743,2690,2905
1716469684344293481,2228,2234,2840,2784,2728,2713,2922
1716469684359222776,2242,2233,2826,2783,2742,2755,2945
1716469684374216479,2223,2200,2852,2796,2738,2738,2945
1716469684391193856,2265,2255,2852,2794,2736,2704,2840
1716469684406693400,2258,2257,2837,2800,2850,2905,3223
1716469684421736758,2249,2264,2836,2804,2748,2773,2970
1716469684436296385,2223,2224,2860,2804,2752,2752,2916
1716469684453295435,2212,2199,2848,2803,2747,2719,2886
1716469684468382630,2251,2241,2852,2842,2743,2737,2940
1716469684483183831,2213,2192,2860,2792,2824,2866,3195
1716469684500471559,2220,2203,2820,2792,2764,2736,3264
1716469684515325984,2215,2228,2818,2786,2737,2700,2888
1716469684530245328,2213,2218,2831,2801,2714,2856,3164
1716469684547284825,2210,2217,2824,2788,2740,2737,2990
1716469684562739611,2244,2248,2836,2808,2752,2740,2870
1716469684577726675,2258,2278,2826,2782,2735,2734,3246
1716469684597721148,2271,2268,2828,2786,2730,2706,2911
1716469684612300118,2234,2220,2850,2816,2765,2764,2930
1716469684627403929,2212,2220,2852,2803,2754,2769,3014
1716469684644653408,2244,2252,2820,2800,2724,2882,3177
1716469684659293563,2278,2273,2816,2840,2772,2759,2952
1716469684674350495,2213,2224,2855,2810,2738,2716,2950
1716469684691291188,2255,2274,2844,2782,2733,2741,3252
1716469684706207952,2248,2256,2844,2846,2828,2740,2906
1716469684721364096,2262,2247,2816,2785,2733,2712,2964
1716469684736278399,2264,2230,2821,2793,2716,2712,2940
1716469684753294667,2228,2231,2830,2845,2807,2843,2874
1716469684768275201,2208,2198,2846,2796,2753,2734,3264
1716469684783274736,2258,2225,2845,2851,2826,2744,2924
1716469684800200131,2248,2233,2840,2789,2729,2708,2921
1716469684815294601,2251,2244,2840,2794,2745,2758,2974
1716469684830306251,2210,2223,2836,2794,2736,2736,2914
1716469684848336978,2229,2250,2832,2788,2743,2715,3248
1716469684863233735,2218,2220,2852,2794,2729,2706,2881
1716469684878767239,2272,2250,2825,2796,2720,2696,2964
1716469684895335390,2224,2236,2834,2799,2745,2734,2932
1716469684910222802,2229,2228,2822,2785,2733,2730,2923
1716469684925952544,2309,2260,2829,2807,2746,2715,2870
1716469684940284466,2277,2260,2824,2787,2722,2690,2888
1716469684958301250,2250,2250,2860,2799,2734,2876,3214
1716469684973251900,2268,2261,2825,2783,2715,2700,2897
1716469684988252385,2236,2388,2856,2792,2838,2881,3202
1716469685005345160,2220,2201,2854,2801,2728,2696,2884
1716469685020595492,2243,2247,2882,2800,2732,2703,2888
1716469685035303551,2230,2229,2846,2792,2741,2880,3214
1716469685052175076,2216,2201,2850,2785,2740,2736,3034
1716469685067304020,2248,2242,2847,2810,2753,2741,2920
1716469685082232469,2221,2212,2846,2817,2770,2724,3183
1716469685245747858,2221,2212,2846,2817,2770,2724,3183
1716469685263250930,2236,2248,2848,2805,2765,2737,3224
1716469685278273630,2260,2268,2838,2851,2770,2753,2889
1716469685293819517,2229,2232,2838,2784,2733,2720,2994
1716469685310259793,2240,2253,2869,2803,2760,2714,3206
1716469685325260283,2259,2268,2844,2799,2742,2712,2904
1716469685341306188,2268,2232,2854,2782,2741,2753,2972
1716469685358283880,2256,2249,2832,2797,2737,2702,2876
1716469685373285485,2244,2117,2846,2803,2840,2900,3202
1716469685389618908,2260,2247,2829,2792,2760,2742,2970
1716469685406320235,2255,2260,2821,2828,2804,2850,2849
1716469685421288153,2232,2223,2856,2803,2748,2738,2925
1716469685436244829,2166,2226,2853,2844,2744,2702,2917
1716469685451538027,2209,2224,2848,2804,2738,2694,2926
1716469685466294597,2230,2216,2850,2849,2761,2741,2926
1716469685481409932,2195,2137,2857,2794,2758,2741,2948
1716469685498975172,2244,2251,2842,2798,2739,2733,2948
1716469685512245004,2245,2247,2832,2796,2734,2713,2913
1716469685527320431,2213,2211,2860,2801,2744,2724,2902
1716469685542252938,2129,2243,2832,2790,2744,2773,2998
1716469685557679956,2216,2210,2861,2787,2829,2864,2936
1716469685572246280,2228,2210,2859,2794,2748,2720,2903
1716469685587263282,2215,2221,2849,2846,2841,2754,2956
1716469685602239073,2227,2233,2853,2803,2753,2736,2932
1716469685618060967,2248,2232,2830,2800,2737,2746,2957
1716469685632255202,2220,2203,2856,2802,2741,2735,2990
1716469685647304300,2223,2221,2861,2792,2838,2729,2898
1716469685662251800,2240,2245,2829,2792,2740,2743,2990
1716469685677212088,2224,2264,2840,2820,2824,2884,2921
1716469685692223714,2248,2246,2832,2794,2736,2745,3245
1716469685707249741,2253,2265,2849,2841,2820,2732,2884
1716469685722273263,2224,2219,2852,2788,2740,2716,2968
1716469685737231289,2255,2251,2834,2832,2735,2718,2938
1716469685752218723,2254,2252,2852,2810,2755,2744,3000
1716469685767320635,2233,2211,2852,2810,2746,2728,2906
1716469685783050871,2232,2231,2848,2800,2744,2726,2920
1716469685798289586,2218,2218,2862,2780,2837,2890,3200
1716469685813439066,2248,2240,2847,2810,2761,2772,2958
1716469685828235111,2256,2234,2836,2791,2724,2694,2860
1716469685843214164,2108,2305,2848,2801,2748,2756,2928
1716469685858284710,2233,2229,2852,2849,2824,2724,2934
1716469685873291073,2259,2260,2756,2788,2735,2702,2898
1716469685888283294,2227,2224,2855,2800,2743,2719,2928
1716469685903732829,2234,2224,2851,2796,2735,2692,2854
1716469685918253549,2225,2246,2854,2806,2812,2874,3214
1716469685933354837,2250,2250,2840,2806,2770,2770,3039
1716469685948203551,2224,2213,2848,2846,2759,2737,2888
1716469685963285438,2230,2223,2858,2786,2757,2760,3272
1716469685978299745,2225,2229,2854,2845,2849,2757,2960
1716469685993259826,2233,2230,2848,2797,2758,2729,2982
1716469686008315836,2230,2231,2853,2798,2719,2689,2863
1716469686023300589,2255,2242,2834,2798,2737,2714,2946
1716469686038761013,2254,2240,2849,2820,2754,2736,2918
1716469686053558076,2223,2096,2852,2805,2764,2760,2988
1716469686068222180,2251,2248,2836,2852,2847,2893,2968
1716469686083270587,2284,2253,2825,2793,2733,2680,3168
1716469686098289168,2235,2240,2844,2805,2764,2730,2924
1716469686113996385,2216,2212,2856,2806,2752,2733,2912
1716469686128225582,2223,2218,2859,2789,2722,2713,2944
1716469686143233677,2204,2217,2854,2786,2834,2882,3201
1716469686158303326,2250,2254,2841,2802,2761,2744,2898
1716469686173838950,2222,2225,2812,2822,2839,2888,2956
1716469686188248387,2254,2243,2847,2800,2713,2708,2854
1716469686203251273,2231,2226,2834,2790,2744,2754,2934
1716469686218313356,2243,2241,2854,2808,2741,2717,2961
1716469686233315043,2214,2206,2863,2806,2746,2892,3232
1716469686248412322,2228,2222,2852,2804,2723,2718,2953
1716469686263220043,2248,2274,2860,2787,2852,2903,3214
1716469686278287866,2214,2216,2861,2798,2744,2744,2960
1716469686293915516,2220,2219,2857,2788,2800,2828,2828
1716469686308224604,2244,2248,2853,2800,2765,2783,2984
1716469686323231038,2254,2264,2812,2846,2842,2742,2924
1716469686338284751,2264,2292,2844,2792,2728,2706,2932
1716469686353274395,2262,2252,2852,2847,2743,2729,2925
1716469686368255763,2265,2276,2852,2804,2752,2755,2969
1716469686383289968,2229,2221,2840,2808,2744,2733,2967
1716469686398230445,2264,2261,2846,2798,2727,2704,2869
1716469686413252541,2234,2232,2841,2798,2737,2732,2914
1716469686428254862,2218,2216,2850,2793,2744,2725,3264
1716469686443325194,2258,2267,2818,2847,2836,2768,2946
1716469686458252931,2268,2262,2822,2794,2745,2890,3254
1716469686473303461,2249,2236,2857,2856,2761,2738,2911
1716469686488361929,2222,2221,2859,2804,2855,2907,3217
1716469686503267301,2260,2254,2824,2801,2726,2734,2913
1716469686518314210,2248,2245,2822,2789,2756,2748,2980
1716469686533883885,2218,2201,2854,2795,2746,2722,2902
1716469686548339303,2231,2218,2848,2791,2753,2736,3231
1716469686564278170,2264,2246,2828,2800,2743,2720,2920
1716469686578295270,2232,2246,2848,2810,2726,2857,3152
1716469686593296398,2268,2218,2856,2797,2728,2733,2956
1716469686608250515,2221,2244,2854,2792,2829,2736,2932
1716469686623268818,2281,2265,2850,2798,2740,2744,2916
1716469686638623627,2224,2208,2844,2828,2818,2873,2933
1716469686653400199,2223,2208,2827,2785,2734,2696,2861
1716469686668239357,2241,2208,2856,2844,2836,2759,2958
1716469686683280840,2257,2253,2854,2806,2744,2706,2882
1716469686698284980,2256,2249,2820,2851,2756,2743,2924
1716469686713254070,2263,2250,2819,2790,2729,2720,2925
1716469686728287719,2253,2268,2834,2781,2838,2717,2889
1716469686743208394,2224,2223,2852,2805,2757,2761,2998
1716469686758270919,2214,2216,2832,2836,2824,2888,2890
1716469686773304228,2244,2241,2845,2801,2762,2780,2978
1716469686788252971,2226,2233,2849,2802,2728,2702,2860
1716469686803207215,2236,2218,2856,2793,2752,2742,2989
1716469686818457434,2248,2229,2852,2852,2760,2760,2964
1716469686833314220,2222,2222,2860,2801,2744,2729,2976
1716469686848350337,2240,2220,2840,2812,2762,2756,2967
1716469686863239496,2252,2260,2825,2788,2736,2712,2885
1716469686878214597,2242,2228,2853,2808,2747,2741,2918
1716469686893690873,2248,2254,2840,2791,2758,2740,2930
1716469686908289859,2247,2266,2844,2792,2729,2710,2908
1716469686923287869,2221,2250,2839,2802,2760,2911,3248
1716469686938830205,2265,2247,2828,2854,2777,2744,2903
1716469686953297590,2262,2234,2852,2800,2730,2724,3009
1716469686968787065,2231,2106,2863,2808,2762,2752,2936
1716469686983287503,2263,2249,2825,2796,2742,2740,2938
1716469686998324857,2278,2242,2833,2790,2734,2746,2956
1716469687013346603,2224,2229,2853,2808,2771,2762,2940
1716469687028301652,2228,2212,2855,2792,2745,2716,2973
1716469687043312839,2212,2208,2868,2803,2728,2865,2856
1716469687058297526,2234,2228,2856,2797,2747,2757,2990
1716469687073682183,2217,2222,2851,2790,2735,2717,2937
1716469687088210551,2244,2245,2861,2788,2732,2740,2960
1716469687103714022,2255,2269,2801,2828,2822,2881,2965
1716469687118244055,2266,2258,2843,2808,2773,2764,2936
1716469687133488377,2266,2272,2836,2858,2848,2764,2968
1716469687148273780,2266,2287,2840,2799,2756,2733,2935
1716469687163203844,2258,2252,2841,2835,2739,2752,2981
1716469687178251118,2256,2267,2838,2796,2740,2732,2931
1716469687193244204,2248,2240,2842,2804,2746,2736,2913
1716469687208216109,2229,2230,2861,2788,2753,2764,3017
1716469687223167439,2269,2256,2853,2803,2721,2700,2853
1716469687238274274,2261,2268,2840,2808,2776,2744,3276
1716469687253196089,2244,2264,2886,2798,2735,2702,2863
1716469687268243724,2249,2250,2854,2816,2760,2908,3202
1716469687283174464,2267,2266,2838,2824,2769,2773,2981
1716469687298248657,2230,2217,2856,2796,2841,2912,3248
1716469687313584418,2270,2251,2840,2806,2758,2763,2948
1716469687328258641,2276,2273,2826,2789,2741,2708,2916
1716469687343190111,2274,2264,2824,2790,2732,2772,2977
1716469687358264969,2266,2247,2842,2801,2756,2737,2900
1716469687373237330,2255,2250,2857,2816,2768,2729,2900
1716469687388196718,2259,2256,2850,2825,2767,2924,3244
1716469687403534775,2276,2276,2824,2798,2735,2719,2900
1716469687418270702,2283,2250,2858,2785,2829,2889,3233
1716469687433197999,2254,2241,2846,2796,2747,2720,2874
1716469687448281506,2270,2267,2809,2825,2832,2881,2930
1716469687463223423,2223,2229,2848,2795,2737,2738,2934
1716469687478282145,2233,2262,2836,2866,2843,2764,2960
1716469687493277751,2268,2278,2817,2788,2736,2714,2983
1716469687508513404,2271,2264,2848,2852,2756,2728,2909
1716469687523201341,2248,2252,2856,2817,2760,2720,2995
1716469687538435837,2233,2247,2848,2785,2746,2724,2895
1716469687553205445,2282,2283,2844,2801,2744,2743,2977
1716469687568369410,2262,2256,2826,2798,2759,2745,2917
1716469687583227283,2266,2253,2836,2780,2742,2734,3250
1716469687598663614,2259,2260,2808,2827,2824,2729,2940
1716469687613267998,2231,2243,2850,2806,2747,2726,2940
1716469687628566399,2280,2277,2818,2835,2730,2724,2927
1716469687643198044,2257,2260,2823,2792,2728,2693,2886
1716469687658241146,2266,2274,2845,2826,2766,2764,2956
1716469687673230568,2225,2233,2858,2793,2744,2757,3009
1716469687688201144,2285,2246,2824,2789,2729,2695,2863
1716469687703268456,2295,2270,2824,2802,2760,2755,3287
1716469687718218165,2228,2219,2853,2789,2742,2710,2865
1716469687733234729,2271,2268,2854,2810,2752,2897,3229
1716469687748140413,2257,2251,2831,2802,2728,2728,2924
1716469687763804490,2284,2274,2872,2792,2823,2862,3156
1716469687778237505,2245,2265,2823,2782,2746,2757,2972
1716469687793256893,2280,2268,2826,2788,2828,2869,2926
1716469687808224675,2251,2243,2855,2800,2767,2762,2968
1716469687823245416,2247,2261,2853,2783,2742,2743,2911
1716469687838210916,2277,2275,2856,2820,2780,2746,2977
1716469687853259645,2232,2187,2860,2804,2766,2766,2964
1716469687868169717,2260,2264,2820,2804,2758,2762,2956
1716469687883206178,2282,2292,2862,2731,2838,2885,3213
1716469687898252293,2222,2222,2860,2808,2758,2714,2886
1716469687913392188,2265,2266,2822,2839,2858,2904,2973
1716469687928231206,2229,2216,2849,2776,2757,2769,2932
1716469687943310311,2281,2241,2856,2858,2842,2753,2954
1716469687958253112,2246,2229,2846,2793,2742,2718,2991
1716469687973252872,2245,2233,2852,2817,2735,2887,3217
1716469687988246369,2232,2268,2839,2810,2740,2741,3000
1716469688003235940,2248,2233,2846,2816,2753,2754,2932
1716469688018259557,2270,2245,2854,2794,2761,2755,2984
1716469688033276401,2231,2246,2851,2802,2753,2742,2905
1716469688048649063,2252,2231,2857,2798,2780,2768,3277
1716469688063323671,2217,2224,2852,2852,2757,2739,2925
1716469688078245360,2265,2279,2842,2793,2719,2866,3178
1716469688093261262,2259,2263,2842,2858,2783,2767,2953
1716469688108224227,2265,2279,2821,2790,2742,2711,2881
1716469688123176253,2156,2263,2810,2784,2737,2724,2950
1716469688138269288,2264,2271,2847,2800,2860,2907,2973
1716469688153249384,2277,2268,2840,2807,2747,2724,2896
1716469688168316512,2276,2272,2723,2781,2774,2756,3292
1716469688183200620,2125,2224,2847,2808,2748,2712,2905
1716469688198276372,2250,2249,2851,2795,2730,2874,3243
1716469688213216373,2256,2251,2833,2804,2756,2762,2964
1716469688228210870,2275,2254,2832,2795,2833,2893,3189
1716469688243168503,2229,2225,2853,2797,2746,2756,2984
1716469688258280321,2220,2229,2848,2806,2764,2772,2945
1716469688273264593,2267,2240,2850,2794,2742,2744,2940
1716469688288562334,2256,2259,2863,2839,2809,2700,2844
1716469688303248793,2270,2279,2857,2794,2759,2730,2962
1716469688318271882,2240,2243,2856,2840,2745,2732,2956
1716469688333254044,2222,2223,2858,2806,2742,2732,2991
1716469688348215042,2259,2245,2830,2776,2827,2869,3185
1716469688363210619,2252,2261,2846,2806,2757,2747,2934
1716469688378220466,2282,2252,2863,2791,2753,2753,2922
1716469688393220828,2256,2253,2856,2803,2754,2728,2905
1716469688408217442,2288,2290,2816,2840,2810,2724,2920
1716469688423260676,2252,2244,2854,2821,2762,2738,2919
1716469688438279228,2260,2258,2845,2834,2760,2744,2920
1716469688453255384,2233,2220,2856,2796,2744,2736,3018
1716469688468168020,2286,2281,2821,2796,2724,2713,2889
1716469688483274795,2259,2256,2860,2809,2772,2762,3011
1716469688498269053,2230,2230,2852,2788,2739,2722,2894
1716469688513220729,2254,2250,2852,2802,2781,2760,3308
1716469688528696745,2251,2221,2852,2808,2744,2724,2935
1716469688543626075,2248,2252,2848,2823,2760,2905,3216
1716469688558435968,2269,2256,2847,2822,2758,2756,2952
1716469688573261398,2254,2243,2849,2810,2746,2736,2974
1716469688588295152,2246,2247,2849,2799,2742,2748,2964
1716469688603220799,2272,2271,2830,2784,2754,2744,2909
1716469688618542146,2231,2204,2856,2800,2741,2756,2930
1716469688633243432,2268,2258,2818,2790,2847,2757,2947
1716469688648188145,2222,2231,2860,2808,2742,2704,2916
1716469688664356322,2230,2223,2859,2808,2767,2728,3207
1716469688679548195,2255,2265,2817,2843,2840,2744,2924
1716469688694253132,2225,2230,2850,2797,2754,2740,2910
1716469688709378552,2266,2258,2847,2856,2767,2767,2980
1716469688724178898,2272,2249,2840,2801,2740,2735,3238
1716469688739230712,2258,2265,2844,2826,2759,2747,2924
1716469688754253889,2268,2266,2848,2792,2744,2744,2996
1716469688769291663,2221,2211,2854,2788,2723,2698,2840
1716469688784198072,2252,2258,2851,2784,2730,2714,3232
1716469688799208207,2203,2209,2862,2796,2737,2717,2904
1716469688814234215,2228,2225,2848,2789,2724,2869,3189
1716469688829264425,2209,2176,2857,2802,2711,2719,2932
1716469688844210155,2268,2270,2854,2794,2836,2882,3216
1716469688859211915,2224,2225,2857,2800,2743,2738,2966
1716469688874203224,2248,2226,2856,2828,2812,2821,2823
1716469688889171422,2234,2217,2857,2793,2776,2746,2937
1716469688904183088,2260,2264,2858,2784,2732,2699,2854
1716469688919240029,2258,2256,2832,2792,2758,2719,2945
1716469688934242854,2258,2253,2855,2812,2740,2760,2953
1716469688949198311,2250,2256,2824,2788,2724,2696,2917
1716469688964240590,2225,2192,2864,2768,2821,2864,3227
1716469688979215324,2248,2226,2856,2801,2746,2736,2904
1716469688994329797,2263,2270,2819,2829,2818,2864,2900
1716469689009714035,2233,2228,2862,2799,2744,2733,3268
1716469689024226854,2271,2280,2821,2838,2805,2709,2920
1716469689039247199,2269,2274,2850,2780,2726,2688,2954
1716469689054213831,2269,2262,2845,2844,2772,2727,2900
1716469689069241028,2269,2270,2826,2792,2725,2713,2966
1716469689084235816,2244,2248,2838,2786,2739,2720,2904
1716469689099248940,2241,2260,2858,2784,2761,2744,2969
1716469689114413437,2242,2218,2852,2797,2744,2727,2890
1716469689129248533,2228,2261,2828,2796,2758,2724,3232
1716469689144197833,2263,2249,2852,2792,2740,2709,2924
1716469689159346103,2252,2242,2850,2817,2734,2870,3156
1716469689174783762,2268,2258,2823,2793,2725,2705,2935
1716469689189227385,2225,2229,2860,2794,2708,2701,2843
1716469689204564947,2232,2234,2840,2802,2724,2704,2901
1716469689219216484,2258,2210,2846,2779,2855,2886,2952
1716469689234210015,2271,2246,2823,2801,2725,2693,2856
1716469689249331432,2229,2202,2837,2797,2736,2680,2912
1716469689264198457,2221,2209,2856,2797,2736,2704,2833
1716469689279608304,2258,2264,2824,2798,2712,2888,3182
1716469689294216205,2252,2257,2829,2788,2712,2712,2928
1716469689309249547,2217,2233,2887,2808,2836,2883,3188
1716469689324227010,2152,2232,2853,2792,2729,2716,2936
1716469689339245855,2287,2283,2793,2823,2792,2858,2894
1716469689354226068,2255,2266,2838,2800,2760,2762,2972
1716469689369341582,2344,2270,2828,2809,2732,2716,2854
1716469689384197569,2225,2218,2858,2804,2770,2728,2974
1716469689399234018,2273,2257,2849,2852,2738,2720,2916
1716469689414205706,2262,2258,2818,2802,2741,2742,2992
1716469689430254329,2269,2276,2856,2804,2838,2889,2950
1716469689444167232,2219,2216,2860,2801,2732,2715,2891
1716469689459254684,2244,2246,2838,2820,2808,2856,2903
1716469689474270593,2253,2250,2847,2793,2730,2756,2935
1716469689489265887,2261,2252,2858,2847,2817,2708,2892
1716469689504204222,2249,2242,2853,2808,2744,2886,3218
1716469689519230423,2284,2271,2824,2825,2752,2708,2888
1716469689534208008,2232,2229,2852,2793,2726,2700,2950
1716469689549214240,2226,2236,2856,2778,2739,2695,2873
1716469689564241213,2223,2215,2851,2792,2744,2736,2964
1716469689579730351,2274,2254,2828,2786,2740,2714,2984
1716469689594253826,2124,2258,2818,2808,2759,2739,3240
1716469689609396019,2222,2213,2841,2800,2736,2723,2905
1716469689624201990,2240,2221,2855,2817,2734,2873,3164
1716469689639527593,2241,2228,2848,2817,2764,2741,2934
1716469689654245860,2269,2273,2806,2781,2727,2680,2852
1716469689669278606,2082,2209,2841,2796,2754,2777,2978
1716469689684171701,2300,2260,2835,2832,2827,2885,2937
1716469689699511997,2208,2164,2873,2796,2732,2725,2901
1716469689714891621,2245,2216,2874,2850,2824,2733,2928
1716469689729200860,2286,2282,2846,2798,2770,2764,2948
1716469689744189710,2256,2254,2860,2860,2757,2748,2958
1716469689759610268,2280,2271,2818,2789,2716,2671,2849
1716469689774212443,2257,2236,2867,2803,2841,2890,3192
1716469689789268042,2224,2209,2858,2789,2721,2729,2981
1716469689804221690,2280,2287,2798,2840,2829,2860,2855
1716469689819194328,2248,2256,2828,2788,2737,2722,2898
1716469689834273928,2229,2229,2821,2842,2818,2704,2840
1716469689849245658,2250,2190,2842,2798,2744,2709,2972
1716469689864220491,2277,2292,2871,2804,2769,2759,2955
1716469689879240015,2274,2256,2829,2805,2729,2719,3011
1716469689894194201,2252,2255,2851,2812,2748,2740,2934
1716469689909239660,2222,2264,2830,2801,2767,2736,2920
1716469689924247008,2284,2273,2816,2841,2828,2900,2956
1716469689939264653,2242,2236,2853,2787,2744,2708,2840
1716469689954276227,2270,2292,2856,2801,2746,2696,2894
1716469689969359978,2249,2241,2853,2804,2760,2913,3242
1716469689984221519,2260,2269,2848,2790,2721,2728,2900
1716469689999261191,2214,2204,2869,2767,2808,2858,3209
1716469690014282418,2267,2264,2836,2789,2709,2706,2857
1716469690029265229,2233,2236,2852,2798,2756,2753,2956
1716469690044251439,2219,2214,2860,2802,2737,2769,2953
1716469690059307161,2233,2228,2857,2792,2828,2746,2910
1716469690074250397,2318,2271,2835,2779,2721,2706,2902
1716469690089206692,2246,2228,2852,2811,2746,2886,3194
1716469690104280743,2228,2232,2852,2807,2738,2706,2900
1716469690119301472,2253,2244,2856,2783,2844,2864,3140
1716469690134225481,2274,2259,2829,2797,2738,2731,2938
1716469690149280077,2264,2265,2829,2794,2722,2706,2866
1716469690164197528,2242,2245,2839,2797,2756,2742,2964
1716469690179342218,2229,2272,2833,2840,2830,2757,2934
1716469690194233854,2225,2254,2821,2789,2713,2683,2906
1716469690209368609,2268,2256,2856,2846,2728,2734,2951
1716469690224174750,2232,2221,2870,2792,2726,2718,2896
1716469690239258811,2234,2228,2880,2812,2754,2740,2927
1716469690254204076,2244,2240,2853,2776,2772,2769,3013
1716469690269262371,2280,2281,2824,2848,2845,2735,2870
1716469690284141368,2248,2251,2832,2820,2783,2736,3237
1716469690299303821,2262,2255,2833,2834,2748,2712,2866
1716469690314211468,2240,2223,2850,2788,2730,2902,3240
1716469690329290526,2230,2228,2858,2794,2711,2694,2876
1716469690344208346,2230,2214,2848,2783,2717,2704,2958
1716469690359208635,2231,2235,2849,2790,2734,2734,2934
1716469690374239322,2235,2230,2852,2786,2735,2718,2957
1716469690389241540,2274,2312,2860,2794,2744,2719,2910
1716469690404152983,2250,2258,2853,2807,2762,2699,3181
1716469690419211602,2231,2220,2860,2802,2738,2710,2921
1716469690434197405,2257,2267,2869,2800,2760,2735,2906
1716469690449252775,2222,2222,2852,2810,2747,2752,2940
1716469690464238321,2225,2205,2858,2794,2812,2858,3203
1716469690479524008,2261,2225,2862,2805,2733,2740,2892
1716469690494239465,2235,2223,2849,2837,2821,2870,2916
1716469690509303142,2236,2220,2834,2792,2754,2754,2940
1716469690524677789,2229,2232,2853,2861,2831,2726,2926
1716469690539410113,2223,2234,2859,2796,2732,2703,2944
1716469690554201628,2281,2268,2827,2804,2732,2727,2912
1716469690569320845,2245,2240,2850,2799,2746,2741,2982
1716469690584206354,2228,2214,2862,2777,2731,2699,2886
1716469690599597004,2233,2234,2838,2802,2735,2782,3019
1716469690614283128,2214,2214,2862,2809,2740,2712,2865
1716469690629238929,2258,2266,2836,2786,2740,2722,2912
1716469690644197889,2246,2245,2764,2846,2818,2722,2913
1716469690659193636,2249,2138,2845,2808,2764,2732,2940
1716469690674273290,2282,2288,2834,2843,2736,2708,2917
1716469690689290404,2243,2234,2845,2812,2720,2721,2899
1716469690704224227,2261,2260,2838,2786,2728,2724,2940
1716469690719237553,2233,2224,2858,2803,2732,2716,2907
1716469690734264793,2265,2266,2864,2802,2722,2716,2868
1716469690749177408,2226,2218,2829,2800,2741,2719,3256
1716469690764230574,2271,2234,2850,2809,2764,2758,2939
1716469690779240478,2255,2107,2824,2818,2738,2890,3246
1716469690794275169,2250,2242,2844,2838,2725,2718,2895
1716469690809356716,2209,2225,2869,2790,2836,2871,3186
1716469690824204316,2252,2260,2850,2817,2752,2766,2958
1716469690839236511,2229,2223,2850,2801,2848,2888,2935
1716469690854280421,2228,2216,2855,2770,2730,2698,2921
1716469690869272537,2208,2216,2853,2788,2732,2710,3185
1716469690884169053,2274,2268,2840,2789,2743,2699,2894
1716469690899248596,2255,2246,2833,2790,2726,2756,2959
1716469690914216348,2256,2255,2850,2794,2721,2704,2940
1716469690929310204,2226,2255,2855,2799,2820,2856,3177
1716469690944196847,2257,2268,2860,2804,2740,2743,2926
1716469690959456063,2257,2258,2799,2848,2837,2884,2950
1716469690974282791,2243,2253,2858,2808,2735,2713,2866
1716469690989225200,2253,2271,2847,2869,2844,2760,2957
1716469691004661313,2260,2293,2840,2783,2726,2696,2865
1716469691019247177,2250,2235,2858,2841,2753,2746,2924
1716469691034892715,2233,2232,2841,2800,2723,2735,3004
1716469691049297132,2256,2254,2832,2800,2733,2696,2861
1716469691064453810,2234,2225,2855,2790,2736,2714,2959
1716469691079205614,2224,2220,2852,2850,2756,2727,2880
1716469691094585223,2248,2255,2847,2796,2788,2771,3304
1716469691109510543,2231,2220,2862,2811,2765,2734,2948
1716469691124170976,2230,2228,2853,2817,2770,2912,3222
1716469691285298518,2230,2228,2853,2817,2770,2912,3222
1716469691885991690,2230,2228,2853,2817,2770,2912,3222
1716469692485986515,2230,2228,2853,2817,2770,2912,3222
1716469692501296959,2225,2211,2828,2788,2743,2708,2948
1716469692516331999,2215,2231,2819,2804,2757,2748,2897
1716469692531394088,2257,2253,2835,2820,2757,2741,2988
1716469692546250922,2231,2220,2860,2799,2725,2723,2909
1716469692561229362,2219,2211,2848,2789,2730,2728,3230
1716469692576251176,2221,2245,2854,2847,2850,2714,2912
1716469692591227286,2218,2210,2855,2789,2728,2712,2950
1716469692606160245,2248,2248,2830,2861,2760,2775,2958
1716469692621270617,2227,2222,2850,2820,2744,2718,2916
1716469692636196096,2218,2217,2863,2808,2752,2755,2984
1716469692651260526,2211,2208,2848,2804,2742,2735,2960
1716469692666197266,2240,2241,2851,2800,2734,2711,2888
1716469692681240773,2256,2252,2822,2790,2757,2785,3276
1716469692696192889,2227,2213,2861,2804,2743,2725,2897
1716469692711185202,2218,2214,2862,2793,2768,2908,3255
1716469692726265291,2233,2225,2835,2798,2737,2720,2896
1716469692741277589,2258,2212,2849,2830,2856,2893,3175
1716469692756179871,2263,2223,2861,2783,2735,2736,2960
1716469692771200412,2262,2231,2866,2846,2846,2920,2973
1716469692786213600,2241,2247,2837,2819,2779,2778,2963
1716469692801180798,2232,2221,2852,2800,2717,2694,2845
1716469692816184828,2263,2280,2809,2808,2737,2716,2976
1716469692831228884,2226,2220,2838,2801,2777,2765,2977
1716469692845505702,2252,2252,2825,2800,2752,2756,3015
1716469692860692219,2217,2225,2855,2793,2739,2704,2872
1716469692875220321,2220,2202,2851,2795,2737,2719,3230
1716469692890238245,2244,2234,2835,2789,2713,2680,2804
1716469692905264711,2221,2235,2854,2812,2775,2909,2948
1716469692920236527,2196,2246,2855,2792,2725,2695,2845
1716469692935270553,2225,2227,2866,2822,2840,2892,3187
1716469692950326873,2253,2241,2835,2793,2763,2740,2953
1716469692965193024,2217,2154,2873,2856,2840,2884,2895
1716469692980229457,2190,2220,2853,2833,2777,2777,2973
1716469692995222862,2250,2217,2864,2785,2728,2710,2880
1716469693010237470,2225,2208,2824,2796,2730,2718,2967
1716469693025220264,2205,2253,2823,2841,2739,2720,2920
1716469693040205772,2204,2232,2837,2810,2734,2710,2961
1716469693056167013,2257,2231,2860,2792,2764,2891,3216
1716469693071206551,2244,2240,2847,2873,2780,2777,2966
1716469693086220465,2241,2241,2856,2800,2738,2849,3136
1716469693101207129,2213,2221,2884,2800,2760,2765,2984
1716469693116186920,2222,2187,2865,2816,2853,2905,2944
1716469693131184853,2217,2217,2847,2789,2736,2720,2917
1716469693146765171,2225,2187,2860,2786,2709,2746,2933
1716469693161250704,2262,2250,2835,2796,2723,2700,2897
1716469693176258716,2245,2244,2834,2793,2773,2776,2986
1716469693191219893,2208,2214,2863,2808,2741,2728,2896
1716469693206243703,2241,2272,2841,2824,2834,2888,3205
1716469693221228573,2213,2212,2846,2803,2742,2752,2966
1716469693236232415,2228,2222,2887,2888,2864,2908,2955
1716469693251189178,2247,2243,2854,2825,2760,2758,2964
1716469693266296618,2217,2254,2851,2853,2847,2736,2895
1716469693281205488,2226,2234,2839,2799,2756,2757,3015
1716469693296282181,2221,2214,2860,2797,2746,2730,2908
1716469693311254017,2226,2224,2852,2805,2744,2740,2932
1716469693326215701,2223,2222,2840,2798,2755,2755,2947
1716469693341309789,2229,2267,2830,2796,2754,2742,2991
1716469693356225307,2221,2205,2880,2797,2744,2728,2928
1716469693371208362,2254,2251,2840,2806,2744,2712,3161
1716469693386233878,2226,2253,2855,2847,2834,2725,2920
1716469693401243847,2251,2245,2829,2792,2741,2716,2960
1716469693416291313,2216,2221,2848,2865,2776,2765,2957
1716469693431266685,2229,2233,2851,2785,2741,2727,2998
1716469693446444760,2246,2241,2848,2826,2783,2755,2920
1716469693461199280,2242,2226,2848,2796,2745,2906,2950
1716469693476301895,2241,2228,2835,2791,2737,2729,2892
1716469693491255247,2231,2233,2851,2824,2773,2790,3293
1716469693506951563,2272,2240,2824,2792,2736,2709,2921
1716469693521595393,2250,2270,2853,2795,2776,2895,3212
1716469693537210858,2278,2257,2828,2798,2733,2737,2946
1716469693552252385,2278,2272,2857,2785,2752,2737,2999
1716469693567563034,2263,2251,2823,2857,2762,2741,2907
1716469693582317319,2251,2244,2821,2794,2752,2754,3016
1716469693597241310,2229,2245,2858,2808,2738,2725,2890
1716469693612234110,2240,2235,2857,2837,2786,2777,3040
1716469693627207578,2240,2242,2857,2802,2735,2727,2913
1716469693642198675,2248,2253,2829,2789,2757,2760,3244
1716469693657271506,2221,2158,2850,2858,2873,2757,2950
1716469693672193556,2226,2225,2855,2789,2740,2702,2933
1716469693687161499,2208,2231,2855,2856,2745,2748,2976
1716469693702222348,2253,2256,2856,2800,2861,2912,3238
1716469693717228387,2232,2229,2851,2795,2726,2720,2934
1716469693732242240,2219,2211,2854,2800,2765,2756,3045
1716469693747216167,2221,2240,2864,2799,2731,2701,2863
1716469693762227909,2226,2212,2858,2804,2745,2757,3253
1716469693777266271,2217,2215,2857,2797,2727,2698,2854
1716469693792201365,2266,2278,2857,2790,2764,2885,3231
1716469693807239633,2216,2215,2863,2818,2764,2759,2965
1716469693822253059,2242,2232,2833,2832,2863,2897,3216
1716469693837189189,2252,2248,2852,2791,2735,2725,2928
1716469693852640891,2260,2249,2825,2809,2758,2900,2922
1716469693867244497,2220,2243,2804,2782,2738,2743,2952
1716469693882251912,2256,2208,2855,2781,2730,2695,2887
1716469693897256192,2272,2278,2857,2789,2747,2721,2968
1716469693912245430,2245,2234,2828,2792,2752,2760,2967
1716469693927230574,2216,2227,2840,2802,2759,2760,3001
1716469693942263325,2224,2258,2881,2818,2776,2762,2950
1716469693957248235,2251,2248,2851,2795,2741,2703,2902
1716469693972228565,2233,2213,2874,2848,2844,2912,2932
1716469693987241195,2262,2247,2848,2797,2754,2752,2997
1716469694002754972,2241,2253,2828,2851,2824,2725,2925
1716469694017310065,2221,2229,2853,2804,2741,2729,3267
1716469694033647312,2235,2233,2841,2853,2783,2763,2955
1716469694047648089,2248,2252,2851,2825,2775,2768,3017
1716469694062561893,2270,2264,2835,2802,2736,2724,2890
1716469694077208925,2243,2250,2849,2812,2755,2757,2990
1716469694092199941,2232,2245,2852,2800,2724,2722,2888
1716469694107234977,2259,2218,2861,2802,2752,2767,3257
1716469694122185792,2285,2266,2821,2786,2729,2713,2925
1716469694137247528,2283,2281,2850,2788,2758,2870,3193
1716469694152166921,2248,2271,2855,2809,2761,2769,2976
1716469694167226121,2290,2139,2840,2757,2758,2728,2888
1716469694183482327,2261,2255,2850,2809,2752,2770,2986
1716469694197693499,2233,2230,2864,2811,2846,2906,2960
1716469694212217257,2251,2244,2851,2811,2744,2717,2901
1716469694227208786,2245,2220,2850,2804,2870,2760,2962
1716469694242232068,2272,2248,2838,2816,2777,2772,2961
1716469694257292006,2255,2255,2853,2791,2767,2920,3264
1716469694272666538,2266,2242,2844,2802,2746,2747,2945
1716469694287189659,2280,2261,2854,2830,2856,2912,3221
1716469694302251032,2286,2262,2824,2786,2741,2744,2969
1716469694317349755,2256,2253,2838,2806,2766,2769,3052
1716469694332311863,2227,2223,2857,2821,2785,2776,2987
1716469694347721945,2244,2225,2852,2849,2826,2726,2870
1716469694362222542,2246,2241,2849,2802,2764,2759,2994
1716469694377330789,2217,2213,2824,2861,2763,2753,2945
1716469694392247081,2251,2224,2855,2800,2753,2755,3012
1716469694407717395,2246,2192,2860,2823,2772,2761,2946
1716469694422231064,2261,2248,2856,2808,2754,2752,2967
1716469694437685433,2266,2270,2858,2805,2741,2732,2911
1716469694452168191,2265,2264,2843,2855,2843,2898,2922
1716469694467283250,2249,2267,2840,2808,2737,2728,2921
1716469694482269849,2248,2261,2824,2782,2784,2908,3253
1716469694497291375,2225,2236,2846,2805,2753,2767,2951
1716469694512227301,2213,2217,2858,2792,2740,2745,3017
1716469694527211566,2266,2261,2833,2796,2728,2700,2896
1716469694542237859,2255,2248,2860,2802,2746,2727,2981
1716469694557264567,2283,2278,2832,2782,2737,2730,2909
1716469694572234206,2255,2251,2856,2809,2760,2780,3297
1716469694587208684,2260,2252,2857,2804,2738,2719,2940
1716469694602615553,2278,2267,2843,2798,2771,2895,3214
1716469694617281498,2214,2223,2865,2797,2742,2746,2946
1716469694632241384,2215,2214,2829,2794,2825,2865,3146
1716469694647584727,2228,2101,2836,2801,2756,2764,2988
1716469694662218472,2274,2227,2870,2855,2716,2732,2911
1716469694677267818,2265,2285,2859,2791,2742,2740,2920
1716469694692204871,2252,2250,2818,2839,2849,2746,2939
1716469694707224902,2267,2285,2830,2794,2744,2716,2947
1716469694722270015,2263,2286,2856,2791,2779,2771,2990
1716469694737269874,2250,2255,2855,2807,2741,2725,2886
1716469694752255145,2220,2219,2856,2798,2746,2726,2992
1716469694767846572,2243,2235,2846,2805,2760,2760,3026
1716469694782305531,2224,2211,2900,2857,2840,2886,2880
1716469694797366683,2226,2210,2859,2800,2752,2763,3280
1716469694812203446,2223,2240,2857,2842,2832,2701,2850
1716469694827239087,2127,2243,2839,2805,2747,2729,3258
1716469694843285941,2198,2216,2852,2800,2753,2757,2949
1716469694858226011,2267,2253,2834,2794,2735,2720,2904
1716469694873268449,2258,2254,2854,2797,2762,2910,3233
1716469694888179120,2276,2275,2819,2793,2734,2726,2948
1716469694903690582,2255,2262,2848,2830,2856,2909,3223
1716469694918277800,2240,2232,2857,2820,2785,2778,2981
1716469694933628300,2225,2221,2849,2790,2824,2870,2846
1716469694948321034,2249,2257,2852,2806,2745,2756,2966
1716469694963630739,2254,2266,2839,2845,2845,2742,2919
1716469694978210938,2277,2250,2852,2788,2753,2717,2947
1716469694993266518,2116,2234,2850,2787,2774,2896,2952
1716469695008171257,2284,2275,2838,2804,2736,2714,2927
1716469695023201903,2247,2232,2848,2800,2752,2747,2951
1716469695038237968,2271,2271,2854,2829,2738,2721,2882
1716469695053249612,2248,2244,2883,2858,2821,2891,2900
1716469695068182493,2233,2232,2856,2782,2709,2712,3243
1716469695083266330,2230,2240,2832,2848,2861,2776,2916
1716469695098505549,2226,2214,2863,2784,2704,2903,3232
1716469695113238152,2226,2241,2850,2858,2764,2763,2906
1716469695128168177,2255,2265,2845,2780,2722,2703,2952
1716469695143203224,2245,2230,2847,2783,2717,2772,2979
1716469695158275456,2267,2253,2856,2786,2738,2737,2970
1716469695173186484,2252,2258,2860,2787,2720,2701,2857
1716469695188181103,2242,2242,2848,2789,2721,2734,3218
1716469695203271107,2240,2234,2862,2802,2726,2709,2913
1716469695218250898,2252,2234,2856,2793,2734,2835,3113
1716469695233288237,2229,2220,2850,2855,2742,2717,2921
1716469695248242214,2226,2229,2847,2837,2867,2758,2945
1716469695263219296,2243,2250,2854,2823,2768,2737,2911
1716469695278320243,2240,2248,2882,2854,2826,2889,2923
1716469695293230829,2246,2268,2848,2821,2758,2733,2896
1716469695308197517,2259,2246,2816,2849,2845,2744,2929
1716469695324196633,2213,2209,2834,2800,2744,2737,2909
1716469695339273364,2233,2225,2850,2809,2760,2734,2890
1716469695354231380,2264,2295,2841,2842,2805,2705,2908
1716469695369220714,2250,2253,2838,2783,2700,2716,2881
1716469695384179273,2227,2209,2847,2863,2730,2724,2892
1716469695399293069,2216,2203,2862,2786,2846,2888,3225
1716469695414297010,2248,2240,2842,2808,2734,2704,2882
1716469695429227154,2228,2202,2836,2829,2741,2719,2975
1716469695444253785,2219,2208,2894,2862,2821,2741,2881
1716469695459574375,2251,2249,2827,2791,2757,2765,3265
1716469695477236527,2279,2258,2853,2809,2767,2737,2979
1716469695496565465,2270,2253,2829,2805,2759,2744,2930
1716469695507258226,2253,2225,2866,2802,2761,2766,3009
1716469695522283666,2269,2276,2857,2819,2855,2911,3233
1716469695537246529,2261,2267,2850,2801,2752,2753,2934
1716469695552587659,2232,2225,2875,2857,2846,2915,2960
1716469695567222397,2271,2254,2835,2790,2736,2733,2895
1716469695582662528,2263,2274,2841,2858,2851,2747,2949
1716469695600676867,2262,2257,2841,2798,2740,2724,2977
1716469695616224751,2258,2223,2836,2794,2843,2733,2933
1716469695631223796,2240,2253,2853,2804,2737,2738,2980
1716469695646248970,2234,2217,2867,2812,2790,2924,2959
1716469695661208905,2212,2215,2857,2781,2723,2709,2928
1716469695676203545,2254,2248,2827,2805,2818,2852,3181
1716469695691277006,2240,2222,2851,2804,2734,2721,2916
1716469695706229564,2221,2198,2853,2834,2808,2845,2833
1716469695721245934,2262,2269,2865,2796,2746,2743,2932
1716469695736166409,2212,2204,2859,2833,2727,2716,2897
1716469695751260314,2284,2252,2832,2785,2709,2695,2918
1716469695766229464,2270,2232,2849,2862,2756,2732,2922
1716469695781257883,2218,2244,2838,2800,2733,2710,2920
1716469695796244673,2261,2255,2856,2819,2765,2776,2986
1716469695811192190,2225,2249,2852,2811,2742,2725,2909
1716469695826244209,2265,2213,2859,2799,2737,2714,2908
1716469695843556125,2220,2216,2861,2784,2745,2737,3248
1716469695859554627,2256,2253,2850,2787,2744,2708,2896
1716469695874231992,2213,2224,2860,2794,2776,2910,3235
1716469695889230636,2206,2217,2850,2799,2721,2705,2900
1716469695904214948,2232,2240,2851,2832,2851,2892,3200
1716469695919246121,2254,2211,2862,2808,2756,2740,2920
1716469695934261303,2235,2248,2849,2800,2744,2715,2852
1716469695949240020,2225,2225,2856,2790,2730,2696,2930
1716469695964266837,2222,2221,2864,2794,2857,2719,2918
1716469695979219463,2248,2224,2841,2794,2740,2709,2930
1716469695994249010,2221,2210,2850,2784,2744,2737,2934
1716469696009568990,2199,2211,2861,2805,2731,2739,2940
1716469696024213451,2243,2245,2824,2796,2795,2859,2957
1716469696039249021,2208,2209,2852,2790,2718,2668,2847
1716469696054149506,2244,2243,2839,2834,2832,2753,2917
1716469696069211804,2232,2215,2864,2794,2719,2766,3259
1716469696084185589,2243,2257,2829,2845,2844,2742,2945
1716469696099281676,2242,2254,2847,2787,2713,2699,2958
1716469696114242525,2224,2240,2849,2858,2740,2697,2855
1716469696129565199,2207,2205,2864,2790,2738,2724,2968
1716469696144290803,2261,2240,2834,2818,2808,2840,2870
1716469696159581989,2231,2212,2856,2792,2729,2712,2984
1716469696174917520,2252,2257,2792,2786,2725,2710,2892
1716469696189267606,2229,2212,2851,2804,2740,2722,3195
1716469696204181502,2225,2254,2854,2840,2757,2741,2904
1716469696219193302,2266,2257,2857,2787,2727,2680,2841
1716469696234280979,2212,2257,2845,2807,2734,2738,2936
1716469696249266024,2242,2248,2862,2841,2862,2891,3223
1716469696265157558,2222,2218,2870,2793,2754,2736,2923
1716469696279225521,2256,2250,2824,2782,2746,2912,2966
1716469696294252217,2249,2255,2848,2783,2710,2713,2901
1716469696309640365,2232,2221,2856,2789,2717,2746,2947
1716469696324173825,2243,2232,2853,2794,2728,2693,2856
1716469696339192977,2245,2213,2862,2799,2763,2899,3241
1716469696354253759,2227,2229,2858,2804,2737,2724,2939
1716469696369217101,2252,2256,2843,2844,2834,2871,3169
1716469696384191987,2221,2215,2836,2808,2760,2754,2935
1716469696399312176,2220,2224,2874,2847,2801,2857,2863
1716469696414256468,2203,2209,2856,2790,2757,2753,2953
1716469696429226855,2229,2232,2851,2797,2737,2724,2880
1716469696444155860,2229,2213,2858,2798,2770,2732,2957
1716469696459155096,2252,2251,2854,2863,2756,2764,2960
1716469696474229914,2262,2222,2850,2792,2737,2709,2948
1716469696489256022,2275,2258,2881,2811,2742,2736,2938
1716469696504176222,2229,2220,2859,2800,2762,2715,2853
1716469696519238432,2243,2233,2869,2808,2760,2741,2916
1716469696534363519,2248,2245,2833,2808,2766,2924,2963
1716469696549302883,2207,2251,2836,2861,2828,2718,2889
1716469696564254815,2212,2219,2864,2783,2713,2703,2971
1716469696579274008,2248,2256,2812,2829,2741,2695,2887
1716469696594268832,2240,2233,2834,2806,2855,2869,3185
1716469696609332569,2253,2233,2799,2762,2696,2676,2848
1716469696624195363,2226,2209,2853,2741,2725,2713,2969
1716469696639197770,2227,2231,2850,2796,2722,2706,2864
1716469696654619608,2244,2249,2850,2792,2741,2725,3210
1716469696669363369,2255,2249,2851,2800,2738,2716,2913
