%time,field.ad1,field.ad2,field.ad3,field.ad4,field.ad5,field.ad6,field.ad7
1716469466480650212,2213,2198,2868,2832,2819,2874,2902
1716469466495409296,2215,2218,2825,2777,2719,2700,3168
1716469466510698663,2197,2215,2854,2833,2812,2705,2919
1716469466525191262,2205,2204,2841,2790,2713,2673,2864
1716469466540228363,2204,2224,2845,2841,2722,2710,2934
1716469466555615941,2189,2190,2852,2777,2720,2710,2973
1716469466570715468,2264,2264,2831,2785,2721,2697,2860
1716469466585217658,2196,2197,2821,2773,2736,2733,2990
1716469466600243304,2208,2212,2842,2788,2728,2698,2852
1716469466615248004,2240,2232,2826,2792,2728,2716,3231
1716469466630584669,2196,2187,2850,2788,2719,2708,2860
1716469466645178141,2216,2220,2844,2809,2765,2890,3210
1716469466661275276,2219,2227,2846,2847,2838,2736,2939
1716469466676199947,2194,2214,2830,2782,2736,2726,2964
1716469466691174411,2203,2199,2852,2791,2742,2700,2887
1716469466706252741,2191,2200,2859,2797,2735,2718,2965
1716469466721289377,2216,2217,2821,2791,2723,2699,2861
1716469466736318675,2245,2225,2837,2796,2737,2728,2945
1716469466751306291,2240,2229,2818,2772,2705,2688,2858
1716469466766260559,2214,2213,2846,2780,2727,2720,2916
1716469466781227249,2104,2225,2848,2845,2847,2740,2920
1716469466796194567,2231,2220,2817,2768,2710,2669,2897
1716469466811224903,2222,2219,2853,2848,2740,2706,2912
1716469466825579346,2209,2204,2845,2799,2707,2689,2828
1716469466842378779,2200,2210,2845,2845,2838,2736,2892
1716469466858380927,2242,2254,2823,2795,2722,2692,2860
1716469466873950672,2210,2210,2852,2795,2742,2711,2966
1716469466888321226,2220,2217,2817,2850,2736,2720,2917
1716469466903793587,2212,2213,2845,2788,2760,2754,3001
1716469466918237605,2223,2225,2857,2805,2752,2741,2934
1716469466933357089,2208,2240,2819,2793,2733,2716,2895
1716469466948379836,2227,2243,2852,2794,2733,2728,2905
1716469466963312016,2260,2208,2857,2802,2732,2714,2905
1716469466978881154,2202,2217,2852,2845,2734,2705,2895
1716469466994545544,2221,2233,2845,2800,2743,2745,2938
1716469467012245852,2192,2201,2848,2844,2818,2719,2912
1716469467027239887,2203,2208,2763,2772,2725,2682,3216
1716469467042316982,2240,2254,2817,2834,2715,2697,2890
1716469467057284202,2256,2234,2817,2793,2728,2715,2962
1716469467072232525,2212,2212,2860,2790,2719,2676,2845
1716469467087289454,2254,2248,2823,2782,2719,2713,2969
1716469467102270614,2210,2209,2859,2761,2731,2703,2841
1716469467117481299,2213,2196,2844,2797,2752,2758,3238
1716469467132302149,2243,2232,2838,2788,2734,2704,2901
1716469467147236593,2189,2227,2819,2791,2737,2858,3175
1716469467162259020,2208,2192,2826,2796,2737,2734,2916
1716469467177238833,2221,2226,2853,2801,2728,2835,3111
1716469467192242579,2202,2205,2865,2795,2753,2771,2984
1716469467207260347,2193,2198,2849,2843,2818,2889,2914
1716469467222284555,2226,2209,2824,2804,2832,2880,2922
1716469467237400435,2209,2199,2849,2797,2737,2755,2976
1716469467252227161,2215,2198,2848,2796,2732,2707,2919
1716469467267276280,2232,2224,2820,2783,2755,2735,2939
1716469467282263476,2115,2217,2812,2776,2719,2698,2854
1716469467297305671,2205,2197,2851,2821,2830,2880,3201
1716469467312606898,2213,2192,2856,2808,2755,2757,2969
1716469467327179273,2193,2178,2890,2857,2838,2875,2904
1716469467342304743,2200,2195,2857,2796,2739,2743,2946
1716469467357342222,2232,2256,2816,2829,2823,2727,2895
1716469467372166854,2200,2194,2847,2803,2763,2738,2995
1716469467387275081,2201,2200,2859,2786,2724,2705,2890
1716469467402423933,2206,2214,2843,2795,2745,2742,2975
1716469467417241634,2246,2229,2803,2802,2729,2714,2907
1716469467432141106,2213,2209,2844,2805,2752,2744,2990
1716469467447697430,2212,2214,2848,2797,2740,2712,2897
1716469467462195278,2196,2159,2847,2805,2733,2708,3158
1716469467477330322,2223,2274,2840,2845,2847,2745,2936
1716469467492241620,2088,2191,2760,2794,2774,2898,2960
1716469467507270354,2199,2211,2841,2868,2782,2768,2952
1716469467522297008,2200,2198,2850,2792,2758,2740,3008
1716469467537230600,2270,2255,2830,2791,2729,2714,2886
1716469467552189800,2216,2216,2848,2793,2744,2741,2944
1716469467567262086,2217,2216,2851,2792,2740,2705,2865
1716469467582427901,2192,2194,2847,2804,2740,2746,3239
1716469467597360690,2215,2192,2846,2800,2729,2712,2906
1716469467612193127,2194,2181,2850,2790,2777,2900,3219
1716469467627258316,2200,2198,2848,2795,2747,2758,2967
1716469467642245587,2221,2224,2812,2797,2806,2860,3183
1716469467657264917,2118,2221,2741,2823,2783,2778,2984
1716469467672183435,2277,2207,2864,2790,2722,2700,2849
1716469467687246505,2229,2218,2845,2810,2744,2744,2936
1716469467702239111,2213,2244,2841,2860,2859,2760,2968
1716469467717451621,2207,2192,2824,2792,2724,2702,2932
1716469467732190194,2196,2232,2805,2836,2730,2725,2932
1716469467747256216,2222,2220,2819,2793,2735,2689,2889
1716469467762208614,2230,2248,2817,2802,2735,2723,2932
1716469467777256079,2231,2209,2828,2790,2765,2761,3015
1716469467792144675,2219,2206,2873,2858,2833,2717,2887
1716469467807203879,2244,2226,2820,2794,2759,2758,3257
1716469467822200451,2240,2268,2808,2829,2824,2719,2881
1716469467837251691,2254,2240,2826,2786,2737,2731,3256
1716469467852192703,2224,2226,2848,2850,2731,2704,2883
1716469467867207375,2233,2235,2828,2801,2767,2747,2980
1716469467882248361,2252,2252,2850,2791,2723,2710,2891
1716469467897195544,2228,2213,2840,2788,2738,2741,3004
1716469468058364990,2228,2213,2840,2788,2738,2741,3004
1716469468073204207,2218,2219,2860,2790,2730,2719,2923
1716469468088231492,2220,2220,2844,2808,2748,2720,2975
1716469468103303459,2207,2243,2832,2787,2733,2726,2883
1716469468118491196,2262,2267,2852,2795,2741,2744,3246
1716469468133153649,2243,2256,2852,2792,2729,2716,2924
1716469468148212797,2226,2241,2808,2781,2733,2856,3163
1716469468163779531,2255,2259,2817,2803,2752,2748,2933
1716469468178159461,2233,2240,2826,2798,2752,2721,2880
1716469468193218632,2246,2252,2838,2808,2758,2766,2986
1716469468208192082,2216,2206,2851,2797,2740,2732,2950
1716469468223296009,2257,2273,2847,2785,2721,2706,2885
1716469468238191324,2212,2216,2850,2796,2741,2760,2926
1716469468253223563,2255,2249,2849,2801,2741,2725,2914
1716469468268145591,2228,2180,2858,2797,2756,2899,2976
1716469468283232041,2225,2235,2829,2803,2743,2718,2864
1716469468298161432,2226,2216,2847,2801,2822,2883,3201
1716469468313186026,2248,2249,2822,2785,2752,2760,2969
1716469468328187278,2234,2221,2861,2852,2825,2876,2903
1716469468343312376,2229,2214,2848,2791,2733,2731,2954
1716469468358222423,2240,2232,2857,2836,2820,2726,2894
1716469468373182546,2245,2241,2848,2802,2756,2745,2992
1716469468388201810,2248,2243,2826,2780,2715,2840,3137
1716469468403173809,2214,2208,2850,2792,2729,2738,2994
1716469468418184505,2274,2247,2808,2796,2816,2865,2925
1716469468433230977,2226,2213,2854,2804,2743,2719,2940
1716469468448181747,2226,2212,2863,2802,2752,2759,2937
1716469468463262565,2243,2260,2843,2802,2737,2704,2870
1716469468478261168,2218,2230,2846,2851,2840,2737,2937
1716469468493381897,2204,2195,2856,2793,2736,2717,2891
1716469468508155095,2242,2248,2843,2854,2747,2724,2930
1716469468523201970,2205,2213,2842,2802,2753,2743,3008
1716469468538265021,2256,2259,2835,2788,2729,2705,2883
1716469468553252316,2214,2206,2852,2804,2740,2724,2991
1716469468568171760,2244,2234,2826,2785,2733,2725,2863
1716469468583346968,2222,2244,2851,2803,2744,2738,3243
1716469468598250822,2220,2202,2857,2786,2739,2724,2932
1716469468613563106,2206,2205,2848,2786,2758,2894,3211
1716469468629175594,2231,2248,2830,2836,2839,2733,2904
1716469468644499578,2221,2221,2852,2799,2752,2733,2992
1716469468659355963,2222,2226,2845,2848,2722,2712,2893
1716469468677879024,2250,2245,2811,2794,2726,2700,2950
1716469468690666546,2272,2289,2845,2788,2723,2886,3201
1716469468706854349,2258,2244,2852,2790,2725,2714,2935
1716469468721743013,2270,2255,2855,2793,2728,2701,2895
1716469468737905306,2231,2231,2845,2869,2758,2745,2928
1716469468751638300,2251,2233,2849,2803,2734,2719,2912
1716469468767969574,2243,2245,2823,2809,2832,2729,2889
1716469468928352157,2243,2245,2823,2809,2832,2729,2889
1716469468943378938,2228,2253,2826,2807,2752,2740,2916
1716469468958270969,2216,2212,2852,2802,2765,2760,2945
1716469468973316162,2208,2212,2861,2854,2731,2728,2927
1716469468988326444,2199,2180,2851,2800,2866,2912,3245
1716469469003222413,2262,2264,2869,2802,2725,2716,2887
1716469469018199132,2255,2246,2821,2801,2746,2895,2933
1716469469033201730,2228,2247,2841,2790,2744,2736,2912
1716469469048169389,2222,2221,2853,2798,2741,2744,3242
1716469469063327053,2240,2221,2824,2779,2721,2700,2873
1716469469078182190,2224,2217,2846,2805,2762,2891,3207
1716469469093303382,2218,2225,2857,2796,2753,2744,2952
1716469469108186636,2228,2125,2818,2811,2818,2889,3195
1716469469123208622,2208,2221,2848,2818,2762,2766,2957
1716469469138348595,2242,2234,2824,2782,2720,2677,2817
1716469469153186083,2233,2244,2831,2790,2730,2733,2944
1716469469170177363,2245,2216,2824,2789,2725,2708,2856
1716469469185207681,2212,2213,2856,2817,2834,2884,3189
1716469469200152560,2212,2201,2854,2792,2744,2745,2962
1716469469217189380,2225,2219,2851,2793,2736,2709,2907
1716469469232175710,2241,2244,2835,2776,2761,2890,3202
1716469469247243223,2205,2205,2857,2808,2733,2719,2911
1716469469262602479,2280,2262,2811,2803,2816,2880,3216
1716469469279206749,2289,2284,2826,2794,2729,2740,3220
1716469469294157296,2277,2264,2832,2784,2728,2713,2917
1716469469309202744,2221,2230,2858,2800,2740,2833,3120
1716469469326229193,2363,2349,2816,2784,2727,2711,2985
1716469469341205179,2376,2356,2802,2776,2718,2707,2854
1716469469356170533,2306,2312,2832,2783,2743,2722,3219
1716469469373227848,2335,2328,2845,2800,2742,2712,2919
1716469469388174350,2319,2332,2832,2790,2739,2724,2922
1716469469403251977,2329,2304,2810,2790,2754,2741,3010
1716469469420579518,2232,2249,2843,2801,2774,2894,3210
1716469469435188707,2268,2292,2855,2855,2745,2742,2922
1716469469450227618,2233,2230,2830,2788,2735,2726,3204
1716469469465224205,2250,2253,2832,2779,2739,2726,2961
1716469469482476488,2227,2234,2836,2845,2735,2725,2865
1716469469497268017,2224,2224,2861,2793,2770,2886,3231
1716469469512148421,2246,2280,2837,2852,2740,2753,2928
1716469469529647125,2260,2265,2842,2847,2755,2733,2909
1716469469544176816,2211,2220,2829,2795,2736,2722,2899
1716469469559166196,2247,2260,2832,2839,2737,2712,2913
1716469469576501912,2234,2234,2830,2807,2735,2729,2924
1716469469591200394,2249,2241,2830,2793,2769,2745,3041
1716469469606513654,2212,2215,2870,2793,2738,2720,2902
1716469469623214418,2270,2267,2839,2860,2747,2716,2915
1716469469638190883,2269,2212,2859,2789,2739,2744,3008
1716469469652533926,2271,2258,2827,2817,2757,2734,2890
1716469469668179572,2221,2245,2828,2796,2753,2734,2964
1716469469685219755,2268,2242,2845,2792,2738,2713,2938
1716469469700185409,2217,2216,2828,2836,2729,2713,2946
1716469469715175918,2260,2272,2855,2805,2744,2718,2881
1716469469732170858,2234,2214,2847,2784,2727,2718,2929
1716469469747658580,2285,2271,2832,2800,2732,2710,2893
1716469469762213464,2278,2213,2856,2790,2745,2723,2972
1716469469779575722,2262,2264,2840,2792,2728,2705,2917
1716469469794224103,2276,2250,2835,2844,2829,2880,2912
1716469469809635869,2249,2247,2849,2802,2730,2726,2921
1716469469826556164,2230,2213,2853,2805,2734,2734,2929
1716469469841226610,2234,2245,2840,2829,2833,2897,3202
1716469469856633120,2242,2243,2837,2793,2731,2697,2844
1716469469873269224,2271,2260,2851,2787,2736,2717,2926
1716469469888202116,2270,2257,2810,2773,2728,2837,3152
1716469469903170923,2304,2306,2809,2843,2756,2745,2931
1716469469918216559,2210,2201,2850,2786,2730,2718,2890
1716469469935193961,2242,2254,2849,2797,2761,2777,3264
1716469469950186358,2241,2241,2817,2782,2732,2704,2884
1716469469965395956,2246,2260,2837,2787,2776,2885,3213
1716469469982216672,2251,2243,2817,2790,2736,2715,2920
1716469469998236891,2264,2266,2812,2783,2737,2746,2918
1716469470013261011,2261,2263,2834,2800,2764,2745,2997
1716469470030568370,2274,2253,2809,2791,2738,2709,2973
1716469470045179769,2257,2259,2843,2790,2738,2721,2891
1716469470061180780,2240,2256,2848,2856,2765,2724,2904
1716469470078214171,2220,2268,2832,2792,2738,2731,2924
1716469470093221622,2262,2253,2818,2800,2738,2719,2956
1716469470108197263,2217,2212,2825,2784,2731,2730,2929
1716469470123205231,2262,2265,2846,2793,2734,2710,2882
1716469470140176335,2223,2256,2821,2780,2717,2707,2948
1716469470155220909,2275,2245,2850,2760,2728,2722,2902
1716469470170200607,2231,2230,2844,2800,2757,2754,3008
1716469470187255299,2269,2257,2851,2791,2732,2691,2857
1716469470202248413,2229,2220,2824,2837,2738,2714,2904
1716469470217745992,2232,2222,2852,2789,2727,2726,2989
1716469470234314507,2248,2249,2848,2793,2752,2762,2945
1716469470249271945,2224,2242,2854,2848,2842,2745,2949
1716469470264145651,2234,2249,2854,2806,2735,2707,2938
1716469470281244343,2272,2270,2822,2789,2743,2740,2948
1716469470296190293,2262,2252,2856,2842,2821,2870,2904
1716469470311230475,2233,2233,2862,2795,2745,2739,2957
1716469470328181819,2210,2141,2844,2807,2732,2719,2888
1716469470343222228,2244,2244,2856,2800,2822,2881,3230
1716469470357507387,2216,2220,2852,2801,2734,2734,2947
1716469470373197763,2268,2259,2862,2846,2840,2871,2925
1716469470390225475,2288,2265,2818,2797,2722,2708,2857
1716469470405510403,2254,2229,2842,2800,2741,2732,2952
1716469470420563101,2265,2261,2808,2794,2811,2852,3192
1716469470437564764,2304,2293,2824,2801,2737,2735,3217
1716469470452249947,2266,2253,2818,2785,2729,2701,2980
1716469470467247657,2228,2232,2846,2788,2760,2890,3188
1716469470484416729,2229,2222,2842,2800,2577,2900,2937
1716469470499502331,2273,2283,2822,2788,2726,2705,2850
1716469470514192606,2234,2230,2836,2788,2737,2733,3234
1716469470531772360,2229,2220,2844,2790,2721,2677,2892
1716469470547219903,2232,2217,2857,2801,2767,2734,2896
1716469470562233968,2213,2219,2842,2802,2732,2748,2998
1716469470577221328,2250,2257,2829,2789,2736,2712,2937
1716469470594242545,2234,2240,2851,2798,2753,2728,2921
1716469470609150966,2248,2230,2840,2802,2720,2700,2854
1716469470624139470,2246,2246,2847,2890,2769,2755,2932
1716469470641259348,2242,2244,2868,2870,2849,2914,2955
1716469470656232025,2277,2274,2848,2792,2734,2732,2912
1716469470671489461,2252,2249,2845,2797,2868,2738,2935
1716469470688179959,2241,2243,2832,2825,2848,2901,3224
1716469470703214596,2258,2268,2843,2805,2742,2734,2950
1716469470718242715,2288,2269,2822,2780,2820,2856,2841
1716469470735390048,2226,2214,2840,2785,2765,2890,3243
1716469470750215020,2254,2256,2851,2800,2743,2713,2852
1716469470765141382,2243,2244,2840,2801,2832,2888,3209
1716469470782239859,2278,2266,2825,2803,2737,2697,3112
1716469470797233242,2260,2251,2824,2784,2722,2705,2916
1716469470812169681,2232,2225,2852,2792,2754,2862,3193
1716469470827231030,2240,2245,2835,2869,2758,2761,2921
1716469470844143274,2233,2234,2849,2800,2730,2712,2869
1716469470859130729,2240,2230,2850,2804,2753,2754,3246
1716469470874233825,2221,2240,2855,2860,2840,2724,2924
1716469470892172140,2205,2211,2854,2792,2745,2861,3186
1716469470907247969,2222,2233,2854,2785,2732,2705,2898
1716469470922256462,2225,2221,2846,2792,2800,2853,3208
1716469470939259924,2278,2265,2808,2779,2737,2736,2915
1716469470954220245,2246,2228,2860,2795,2731,2717,2924
1716469470969211706,2269,2273,2822,2792,2735,2840,3110
1716469470986219621,2256,2254,2816,2804,2734,2880,2912
1716469471003294050,2259,2225,2856,2789,2729,2842,3129
1716469471018221110,2228,2254,2836,2820,2761,2760,2934
1716469471036219053,2319,2312,2816,2821,2817,2829,3189
1716469471051195788,2259,2251,2844,2789,2732,2713,2862
1716469471066244322,2306,2206,2875,2867,2859,2901,2945
1716469471081190105,2225,2245,2827,2788,2731,2707,2929
1716469471098356485,2257,2285,2839,2861,2736,2725,2934
1716469471113217859,2223,2224,2842,2828,2856,2889,3196
1716469471128180065,2221,2222,2847,2809,2767,2770,2945
1716469471145208417,2234,2211,2857,2793,2742,2722,2921
1716469471160234581,2260,2268,2846,2800,2797,2914,3239
1716469471175174267,2221,2217,2852,2791,2739,2738,2944
1716469471192236872,2240,2255,2850,2801,2724,2710,2863
1716469471207212684,2213,2213,2836,2802,2738,2737,3240
1716469471222246022,2254,2257,2824,2773,2718,2653,2802
1716469471239207351,2234,2228,2869,2810,2731,2713,2904
1716469471254263939,2259,2311,2816,2792,2726,2697,2870
1716469471269492259,2256,2259,2849,2789,2729,2715,2885
1716469471286261988,2255,2250,2849,2789,2722,2717,2907
1716469471301245321,2213,2215,2857,2787,2741,2736,3203
1716469471316227016,2245,2258,2862,2800,2742,2732,2930
1716469471331202169,2250,2243,2832,2796,2741,2729,2987
1716469471349259823,2244,2260,2855,2796,2739,2730,2896
1716469471364184864,2208,2210,2848,2776,2728,2734,2911
1716469471380486321,2250,2241,2867,2845,2810,2720,2882
1716469471397238291,2210,2205,2807,2844,2737,2728,2922
1716469471412200747,2136,2248,2741,2795,2740,2715,2977
1716469471427169821,2268,2252,2817,2798,2737,2713,2899
1716469471444190790,2254,2259,2848,2785,2853,2738,2934
1716469471459234408,2266,2255,2859,2787,2728,2688,2915
1716469471474260388,2264,2143,2837,2858,2746,2736,2954
1716469471491245228,2233,2224,2884,2846,2818,2862,2842
1716469471506273524,2266,2258,2816,2788,2733,2753,2945
1716469471521531590,2244,2241,2844,2804,2742,2702,2892
1716469471538270982,2262,2266,2841,2806,2824,2892,3207
1716469471553227384,2212,2206,2862,2788,2737,2726,2929
1716469471568239798,2224,2261,2842,2856,2841,2892,2936
1716469471583497297,2269,2241,2820,2796,2733,2736,2930
1716469471600184838,2262,2271,2844,2793,2725,2715,2908
1716469471615186329,2242,2248,2833,2817,2841,2897,3241
1716469471630245783,2289,2274,2818,2797,2724,2706,2861
1716469471647233503,2264,2256,2820,2791,2730,2695,2898
1716469471662188329,2268,2280,2839,2785,2741,2858,3157
1716469471677608203,2262,2280,2826,2799,2718,2716,2910
1716469471694238670,2222,2254,2854,2788,2714,2690,2845
1716469471709193371,2246,2246,2826,2808,2740,2728,3214
1716469471724206700,2235,2230,2852,2804,2762,2713,2895
1716469471741167883,2274,2268,2835,2800,2745,2736,2949
1716469471756190130,2253,2257,2847,2811,2748,2731,2944
1716469471771193423,2268,2280,2827,2797,2734,2713,2880
1716469471786500071,2251,2258,2848,2739,2754,2746,3235
1716469471803237794,2213,2205,2861,2816,2741,2721,2967
1716469471818251259,2287,2281,2833,2779,2737,2698,2881
1716469471833244750,2235,2258,2845,2794,2740,2709,2916
1716469471850237735,2274,2265,2828,2776,2734,2719,3238
1716469471865275980,2216,2250,2840,2841,2736,2740,2911
1716469471880353240,2282,2278,2821,2772,2726,2694,3167
1716469471897262631,2233,2229,2825,2797,2728,2718,2882
1716469471912238768,2227,2268,2845,2807,2736,2712,2918
1716469471927193005,2219,2214,2851,2790,2770,2890,3217
1716469471944193866,2240,2240,2811,2788,2740,2727,2984
1716469471959201144,2241,2245,2844,2801,2721,2688,2897
1716469471974272109,2254,2248,2845,2818,2753,2745,3231
1716469471989454365,2264,2154,2833,2829,2828,2725,2937
1716469472006253845,2270,2266,2861,2828,2756,2736,2904
1716469472021251497,2273,2273,2832,2797,2741,2745,3021
1716469472036147631,2234,2227,2871,2851,2765,2752,2908
1716469472053262089,2264,2234,2849,2852,2747,2728,2956
1716469472068151947,2259,2268,2847,2809,2757,2742,2901
1716469472083239603,2221,2212,2848,2797,2755,2728,2910
1716469472100226840,2278,2270,2852,2793,2726,2697,2857
1716469472115187889,2266,2229,2854,2809,2761,2752,2962
1716469472131161739,2259,2250,2841,2783,2723,2688,2905
1716469472148158333,2220,2217,2860,2787,2717,2693,2860
1716469472163206330,2256,2266,2857,2809,2745,2726,2912
1716469472178154067,2230,2242,2844,2800,2765,2761,3036
1716469472195216584,2277,2273,2823,2795,2740,2709,2944
1716469472210594445,2234,2241,2865,2842,2738,2713,2925
1716469472225255011,2256,2247,2831,2789,2737,2705,2937
1716469472240213391,2255,2230,2864,2817,2763,2746,2940
1716469472257164516,2265,2272,2809,2827,2827,2720,2895
1716469472272227919,2230,2224,2857,2786,2712,2717,2954
1716469472287513449,2280,2259,2723,2769,2722,2685,2846
1716469472304189450,2235,2241,2872,2833,2834,2716,2889
1716469472319189102,2288,2309,2837,2785,2736,2726,2898
1716469472334189633,2210,2223,2850,2828,2791,2680,2867
1716469472351375997,2285,2277,2821,2798,2732,2716,2914
1716469472366219827,2265,2260,2818,2792,2729,2719,2944
1716469472381202117,2242,2233,2874,2849,2856,2897,2947
1716469472398233396,2224,2223,2850,2797,2753,2729,2885
1716469472413660744,2142,2271,2818,2789,2716,2718,2927
1716469472428199086,2199,2216,2847,2810,2827,2892,3217
1716469472443503761,2248,2242,2849,2800,2763,2760,3002
1716469472460202663,2281,2241,2817,2788,2758,2714,2911
1716469472475507247,2244,2240,2846,2799,2770,2899,3249
1716469472490206086,2279,2268,2817,2768,2701,2679,2902
1716469472507200502,2254,2255,2851,2801,2743,2730,2928
1716469472522129126,2286,2266,2819,2784,2732,2744,2937
1716469472537222059,2283,2270,2851,2817,2762,2723,2959
1716469472554263198,2277,2269,2842,2786,2738,2742,2959
1716469472569279964,2255,2266,2852,2801,2762,2894,2915
1716469472584150405,2270,2257,2834,2797,2728,2702,2868
1716469472601221863,2265,2267,2857,2825,2765,2744,2918
1716469472616208225,2249,2233,2837,2826,2840,2889,3222
1716469472631519938,2260,2268,2847,2811,2754,2733,2887
1716469472646612059,2207,2214,2848,2848,2830,2891,2933
1716469472663256130,2233,2245,2889,2808,2741,2851,3136
1716469472678199500,2222,2221,2824,2797,2732,2733,2908
1716469472693192068,2270,2260,2819,2795,2723,2688,2917
1716469472710257206,2233,2227,2849,2784,2762,2775,3275
1716469472725226663,2241,2253,2848,2809,2742,2709,2865
1716469472741213463,2241,2256,2827,2782,2740,2746,2945
1716469472758168246,2234,2227,2850,2788,2741,2735,2950
1716469472773169070,2224,2216,2849,2801,2829,2880,3231
1716469472788209411,2244,2256,2846,2801,2725,2713,2907
1716469472805214541,2265,2246,2746,2779,2739,2716,2918
1716469472820218603,2230,2213,2851,2786,2769,2902,3213
1716469472835155668,2248,2234,2850,2785,2712,2723,2908
1716469472852191180,2261,2270,2836,2797,2736,2721,2872
1716469472867200181,2220,2217,2852,2790,2738,2738,2929
1716469472882207366,2223,2218,2856,2802,2754,2725,2873
1716469472897227682,2267,2248,2823,2799,2768,2899,3227
1716469472914244972,2240,2243,2831,2806,2726,2689,2891
1716469472929212744,2261,2265,2822,2787,2758,2768,2960
1716469472944217895,2241,2250,2822,2792,2753,2773,3000
1716469472961245103,2225,2218,2858,2777,2726,2714,3192
1716469472976202536,2226,2240,2772,2783,2748,2735,2952
1716469472991174295,2254,2257,2848,2801,2740,2733,2928
1716469473008190118,2214,2226,2850,2799,2735,2901,3233
1716469473023210008,2282,2306,2854,2796,2726,2706,2845
1716469473038199639,2243,2242,2838,2789,2732,2724,3249
1716469473055253156,2229,2222,2856,2792,2722,2691,3179
1716469473070217492,2248,2251,2825,2807,2761,2744,2927
1716469473085223529,2226,2215,2850,2793,2752,2736,2904
1716469473100590985,2235,2260,2812,2836,2743,2726,2924
1716469473117278184,2259,2270,2840,2775,2781,2806,2822
1716469473132256519,2251,2246,2839,2797,2754,2784,3276
1716469473147781085,2225,2245,2841,2855,2767,2757,2961
1716469473164276498,2253,2249,2859,2807,2745,2734,2911
1716469473179386578,2216,2219,2826,2793,2734,2733,3005
1716469473194176220,2271,2244,2842,2850,2737,2702,2847
1716469473211210236,2244,2248,2840,2797,2753,2752,2948
1716469473226252445,2234,2225,2844,2806,2745,2752,2938
1716469473241180595,2276,2246,2869,2794,2737,2742,2970
1716469473258256804,2244,2255,2830,2834,2832,2728,2896
1716469473273294411,2265,2255,2745,2776,2756,2745,2984
1716469473288621528,2213,2213,2836,2801,2737,2724,2907
1716469473303211008,2221,2261,2820,2786,2738,2733,2977
1716469473320648946,2197,2266,2831,2784,2732,2676,2866
1716469473335205555,2262,2265,2809,2840,2844,2744,2932
1716469473350268545,2215,2216,2862,2792,2728,2713,2978
1716469473367279056,2232,2222,2855,2794,2718,2726,2915
1716469473382271574,2253,2267,2854,2854,2844,2908,2965
1716469473397606499,2265,2257,2833,2784,2724,2698,2881
1716469473414288511,2203,2200,2847,2790,2734,2724,2921
1716469473429529282,2250,2221,2848,2789,2809,2857,3185
1716469473444819038,2217,2214,2853,2803,2746,2735,2930
1716469473461210998,2261,2244,2825,2792,2726,2679,2888
1716469473476584009,2199,2212,2851,2787,2755,2901,2979
1716469473491677644,2231,2261,2834,2780,2740,2734,2904
1716469473508800310,2233,2234,2844,2781,2720,2710,2871
1716469473523208074,2232,2218,2857,2786,2715,2678,2862
1716469473538603629,2202,2206,2861,2793,2724,2703,2930
1716469473553261083,2242,2246,2847,2789,2779,2898,3246
1716469473570566646,2228,2232,2831,2783,2745,2920,2969
1716469473585211663,2244,2250,2850,2793,2722,2703,2925
1716469473600613080,2219,2153,2843,2806,2768,2752,3207
1716469473617289066,2245,2227,2851,2785,2826,2866,3202
1716469473633080867,2240,2253,2856,2804,2742,2705,2874
1716469473647261807,2255,2234,2843,2801,2754,2745,2993
1716469473664228532,2244,2247,2853,2795,2713,2700,3120
1716469473679535334,2219,2211,2844,2860,2746,2732,2963
1716469473694169443,2256,2248,2810,2774,2726,2709,2875
1716469473711149890,2206,2205,2853,2780,2724,2724,3256
1716469473726453459,2247,2253,2843,2802,2744,2728,2937
1716469473741176265,2269,2321,2833,2793,2770,2894,3205
1716469473756527808,2242,2228,2846,2842,2742,2719,2917
1716469473773235787,2235,2241,2848,2808,2752,2721,2881
1716469473788209090,2241,2182,2848,2805,2745,2743,3253
1716469473803186055,2253,2253,2839,2800,2724,2691,2840
1716469473820224324,2235,2216,2864,2790,2743,2729,2919
1716469473835285827,2259,2266,2844,2801,2764,2763,3010
1716469473850158055,2242,2245,2840,2838,2828,2885,2900
1716469473867223089,2245,2252,2821,2803,2721,2678,2844
1716469473882551187,2247,2231,2844,2777,2738,2724,2968
1716469473897226031,2245,2243,2865,2784,2716,2709,2896
1716469473914178149,2233,2233,2838,2855,2848,2728,2918
1716469473929227141,2226,2240,2824,2776,2730,2712,2993
1716469473944538821,2219,2241,2845,2852,2755,2731,2897
1716469473959354668,2235,2233,2844,2797,2737,2734,2993
1716469473976698177,2221,2207,2861,2793,2741,2724,2911
1716469473991251559,2251,2268,2844,2841,2851,2734,2928
1716469474007999905,2246,2258,2852,2822,2765,2737,2931
1716469474023264987,2232,2241,2857,2785,2730,2708,2921
1716469474038289196,2206,2208,2853,2839,2806,2855,2828
1716469474053217208,2269,2232,2850,2781,2755,2771,2971
1716469474070258802,2219,2217,2852,2800,2745,2710,2859
1716469474085223293,2276,2271,2809,2803,2825,2873,3202
1716469474100160566,2234,2242,2822,2793,2754,2744,2916
1716469474117225368,2266,2249,2816,2787,2739,2721,2924
1716469474132188821,2244,2233,2833,2793,2768,2920,3253
1716469474147340389,2224,2223,2848,2808,2738,2729,2922
1716469474162174797,2213,2207,2852,2810,2838,2886,3227
1716469474179193677,2258,2247,2810,2790,2725,2730,2884
1716469474194311903,2275,2248,2841,2792,2728,2707,2896
1716469474209594067,2243,2258,2821,2777,2726,2818,3109
1716469474226595750,2244,2244,2833,2797,2742,2744,2938
1716469474241210533,2279,2271,2820,2787,2732,2705,2900
1716469474256539602,2220,2233,2848,2811,2759,2771,2912
1716469474273210717,2283,2263,2825,2788,2736,2711,2888
1716469474288197496,2250,2252,2827,2797,2742,2733,2941
1716469474303221637,2278,2266,2821,2793,2741,2744,2953
1716469474320910019,2232,2247,2850,2804,2759,2892,3233
1716469474336188786,2266,2252,2853,2806,2741,2713,2906
1716469474351192130,2236,2215,2865,2781,2718,2716,2963
1716469474368153333,2257,2222,2846,2789,2752,2763,2954
1716469474383558464,2247,2253,2875,2850,2840,2905,2944
1716469474398207905,2248,2268,2848,2805,2744,2716,2874
1716469474413583548,2248,2245,2851,2851,2844,2757,2972
1716469474430873685,2280,2254,2845,2789,2802,2849,3168
1716469474445612454,2222,2253,2816,2797,2730,2744,2949
1716469474460565818,2252,2273,2828,2817,2737,2720,2855
1716469474477636476,2244,2252,2848,2817,2772,2882,3227
1716469474492181642,2249,2233,2846,2789,2707,2713,2897
1716469474507578829,2232,2250,2840,2810,2817,2865,3189
1716469474524194705,2285,2306,2820,2784,2725,2706,2896
1716469474539452478,2264,2253,2855,2805,2740,2713,2901
1716469474554208126,2314,2290,2852,2788,2768,2893,3236
1716469474571597800,2228,2228,2850,2809,2746,2744,3019
1716469474586172440,2271,2288,2846,2793,2733,2710,2871
1716469474601185197,2235,2221,2850,2790,2729,2729,3201
1716469474616236728,2281,2232,2816,2789,2743,2729,2934
1716469474633573253,2250,2253,2862,2805,2736,2706,2885
1716469474648723988,2221,2223,2856,2794,2732,2702,2915
1716469474663169760,2226,2214,2854,2780,2710,2698,2837
1716469474680342283,2227,2234,2843,2851,2746,2744,2928
1716469474695316112,2256,2289,2855,2792,2728,2704,3219
1716469474710227605,2265,2260,2832,2793,2742,2726,2899
1716469474727552146,2216,2235,2846,2816,2769,2738,2931
1716469474742226607,2250,2249,2829,2779,2724,2712,2957
1716469474757517779,2246,2256,2847,2845,2739,2723,2928
1716469474774245642,2229,2231,2857,2836,2840,2893,2871
1716469474789191313,2260,2252,2824,2771,2729,2724,3224
1716469474804189092,2267,2278,2830,2824,2809,2729,2904
1716469474821204543,2228,2220,2868,2788,2724,2715,2907
1716469474836221245,2260,2259,2847,2800,2743,2716,2869
1716469474851180015,2221,2194,2866,2864,2846,2730,2912
1716469474866232122,2234,2250,2872,2799,2738,2762,3258
1716469474883190939,2235,2252,2826,2806,2742,2730,2976
1716469474898296815,2248,2245,2848,2794,2735,2702,2901
1716469474913180062,2173,2213,2850,2797,2764,2767,3030
1716469474930163093,2230,2267,2817,2782,2725,2704,2962
1716469474945198735,2229,2213,2852,2863,2758,2741,2930
1716469474960497595,2265,2253,2820,2797,2755,2737,2972
1716469474977227666,2276,2221,2855,2800,2758,2745,2922
1716469474992185655,2264,2268,2827,2856,2841,2744,2949
1716469475007159887,2282,2282,2854,2798,2724,2708,2914
1716469475024216975,2223,2225,2848,2800,2744,2730,2932
1716469475039217157,2260,2250,2830,2795,2730,2707,2856
1716469475054246609,2292,2291,2835,2796,2735,2759,2977
1716469475069140655,2231,2226,2843,2849,2833,2729,2923
1716469475086210601,2272,2266,2811,2797,2809,2870,3181
1716469475101206429,2242,2233,2842,2791,2742,2726,2944
1716469475116295727,2244,2225,2862,2852,2840,2872,2914
1716469475133144896,2226,2216,2852,2788,2762,2893,3224
1716469475148225010,2228,2224,2850,2795,2729,2713,2901
1716469475163198580,2220,2222,2845,2805,2825,2887,3228
1716469475180169534,2226,2229,2843,2796,2733,2744,3253
1716469475195220916,2259,2241,2848,2800,2714,2706,2886
1716469475210512526,2240,2232,2852,2782,2722,2821,3108
1716469475227231533,2254,2263,2848,2803,2725,2669,2960
1716469475242239699,2281,2259,2810,2772,2704,2672,2844
1716469475257195715,2247,2251,2843,2795,2738,2730,3228
1716469475272590600,2256,2255,2828,2784,2715,2684,2902
1716469475289499186,2270,2275,2856,2810,2730,2709,2899
1716469475304221680,2259,2259,2844,2800,2766,2767,3027
1716469475319200888,2271,2265,2819,2817,2770,2720,2855
1716469475336207179,2286,2316,2812,2850,2731,2721,2937
1716469475351200802,2240,2243,2842,2803,2741,2736,3196
1716469475366225240,2248,2251,2868,2793,2765,2756,2952
1716469475383286535,2233,2249,2835,2845,2836,2745,2888
1716469475398263184,2247,2243,2857,2792,2720,2681,3180
1716469475413490730,2284,2257,2856,2775,2720,2679,2914
1716469475430231648,2318,2281,2838,2801,2756,2741,2902
1716469475445622971,2219,2214,2847,2816,2766,2737,2924
1716469475460772983,2233,2262,2844,2850,2846,2709,2895
1716469475477183567,2246,2246,2835,2801,2736,2720,2909
1716469475492179522,2276,2272,2830,2803,2762,2745,3023
1716469475507199189,2229,2241,2862,2856,2831,2727,2899
1716469475522580879,2231,2225,2860,2804,2735,2725,2915
1716469475539189523,2229,2226,2848,2796,2717,2725,2988
1716469475554171355,2280,2280,2810,2783,2808,2698,2858
1716469475569230941,2249,2245,2849,2797,2713,2716,2992
1716469475586502938,2277,2269,2852,2799,2744,2720,2933
1716469475601225645,2249,2280,2827,2784,2746,2736,2928
1716469475616242298,2267,2253,2862,2791,2730,2694,2892
1716469475633191031,2226,2230,2816,2798,2736,2745,2955
1716469475648250323,2256,2250,2846,2796,2730,2705,2893
1716469475663203378,2244,2252,2857,2781,2734,2723,2968
1716469475680234628,2268,2248,2843,2785,2726,2710,2908
1716469475695190748,2250,2248,2868,2855,2847,2884,2901
1716469475710225545,2264,2264,2845,2795,2736,2717,2912
1716469475725246654,2248,2240,2834,2855,2825,2731,2880
1716469475742254819,2272,2269,2844,2826,2846,2880,3213
1716469475757226098,2276,2269,2897,2833,2775,2731,2848
1716469475774166713,2275,2257,2833,2796,2753,2744,2944
1716469475791170408,2278,2275,2830,2786,2725,2703,2841
1716469475806244441,2246,2253,2857,2780,2711,2713,2975
1716469475821284327,2288,2288,2853,2805,2746,2728,2884
1716469475838222452,2248,2261,2850,2843,2736,2734,2924
1716469475853228156,2252,2263,2843,2792,2733,2724,2888
1716469475868160438,2280,2277,2852,2781,2720,2703,2910
1716469475885241399,2225,2221,2850,2801,2733,2689,2854
1716469475900190751,2242,2241,2851,2785,2734,2887,3188
1716469475915232819,2214,2241,2844,2792,2737,2721,2915
1716469475932352292,2246,2230,2861,2797,2726,2712,2869
1716469475947170847,2255,2269,2841,2806,2762,2761,3264
1716469476108257878,2255,2269,2841,2806,2762,2761,3264
1716469476126250452,2246,2233,2843,2858,2847,2896,2939
1716469476143192617,2268,2259,2841,2855,2770,2766,2978
1716469476158264369,2245,2273,2848,2800,2738,2735,2993
1716469476173776052,2229,2157,2849,2827,2847,2911,3229
1716469476191135987,2229,2226,2860,2783,2729,2721,2980
1716469476206255777,2240,2244,2853,2816,2786,2744,2881
1716469476221593904,2271,2267,2824,2768,2720,2727,3219
1716469476238218822,2218,2224,2848,2777,2730,2732,2978
1716469476253186703,2246,2249,2864,2804,2760,2755,2957
1716469476268172587,2255,2245,2853,2799,2736,2705,2909
1716469476285234385,2250,2235,2829,2788,2724,2707,2967
1716469476300163119,2231,2223,2855,2791,2696,2675,2825
1716469476315231318,2257,2235,2844,2832,2778,2771,2982
1716469476330217993,2266,2270,2869,2777,2704,2682,2886
1716469476347229842,2241,2221,2844,2829,2828,2729,2875
1716469476362228562,2261,2260,2853,2793,2734,2720,2989
1716469476377256717,2272,2262,2807,2843,2758,2745,2936
1716469476394153094,2230,2224,2875,2851,2836,2888,2912
1716469476409346829,2245,2246,2840,2789,2731,2698,2904
1716469476424182777,2232,2242,2844,2796,2804,2710,2904
1716469476441225568,2224,2224,2854,2806,2841,2892,3217
1716469476457229670,2198,2220,2848,2792,2752,2736,2889
1716469476472155463,2245,2230,2858,2817,2839,2891,3212
1716469476489249934,2251,2248,2829,2792,2719,2706,3191
1716469476504205699,2248,2271,2860,2798,2740,2719,2916
1716469476519257723,2230,2229,2848,2790,2734,2700,2889
1716469476534232337,2261,2254,2817,2807,2729,2736,2917
1716469476551223548,2252,2248,2846,2803,2739,2716,2885
1716469476566211797,2233,2217,2827,2798,2769,2773,3258
1716469476581566062,2259,2270,2842,2810,2744,2720,2915
1716469476598203966,2259,2261,2831,2781,2725,2716,2890
1716469476613729739,2240,2243,2852,2802,2757,2761,3020
1716469476628133500,2249,2255,2836,2792,2739,2728,2893
1716469476646182880,2272,2283,2824,2788,2716,2720,3187
1716469476661245040,2220,2232,2846,2820,2754,2720,2915
1716469476676163455,2269,2305,2840,2767,2721,2859,3157
1716469476693172525,2212,2222,2848,2800,2758,2757,3022
1716469476708196332,2244,2253,2855,2786,2732,2726,2913
1716469476723272682,2267,2257,2821,2787,2757,2760,3252
1716469476741220389,2251,2234,2849,2792,2730,2708,2979
1716469476756172320,2244,2244,2851,2771,2718,2695,2871
1716469476771227102,2249,2261,2841,2754,2701,2690,2965
1716469476786446245,2253,2254,2835,2799,2743,2724,2949
1716469476803161724,2249,2234,2841,2797,2741,2755,2927
1716469476818183145,2204,2202,2827,2789,2739,2713,2916
1716469476833584012,2260,2262,2818,2783,2770,2893,3213
1716469476850216918,2246,2233,2828,2795,2848,2896,2944
1716469476865227972,2251,2254,2838,2801,2768,2737,2912
1716469476880192012,2218,2212,2856,2810,2758,2752,2917
1716469476897200675,2266,2276,2834,2784,2725,2888,3193
1716469476912177561,2265,2224,2843,2795,2728,2720,2930
1716469476927209988,2325,2271,2824,2803,2732,2713,2896
1716469476944201252,2233,2254,2818,2785,2759,2895,3216
1716469476959264963,2253,2245,2852,2800,2725,2710,2881
1716469476974187674,2240,2171,2852,2801,2850,2890,3180
1716469476989201079,2261,2266,2854,2804,2764,2773,2980
1716469477006184902,2257,2234,2856,2799,2727,2708,2913
1716469477021190661,2274,2269,2829,2793,2777,2903,3232
1716469477036214654,2280,2282,2854,2805,2761,2760,2946
1716469477053248804,2275,2264,2848,2790,2733,2705,2873
1716469477068612546,2222,2232,2857,2790,2738,2725,3225
1716469477083574834,2241,2247,2852,2795,2753,2739,2940
1716469477100157847,2249,2240,2865,2827,2770,2736,2875
1716469477115514134,2278,2270,2828,2807,2744,2726,2984
1716469477130271622,2210,2251,2849,2832,2819,2880,2922
1716469477147218335,2241,2277,2820,2844,2753,2759,2980
1716469477162256619,2230,2219,2856,2792,2738,2725,2906
1716469477177165223,2284,2254,2868,2790,2725,2717,2906
1716469477194179010,2264,2267,2821,2792,2727,2682,2848
1716469477209261771,2273,2256,2811,2785,2720,2702,2958
1716469477224174478,2245,2245,2833,2848,2720,2727,2916
1716469477239139301,2269,2251,2811,2767,2706,2694,2922
1716469477256210692,2275,2251,2859,2800,2741,2738,3249
1716469477271176336,2283,2269,2848,2840,2832,2739,2897
1716469477286199090,2274,2285,2829,2787,2733,2714,2968
1716469477303200046,2223,2213,2848,2801,2721,2723,2894
1716469477318235709,2252,2258,2822,2841,2800,2846,2906
1716469477333191012,2279,2285,2828,2798,2729,2713,2904
1716469477350222700,2255,2253,2828,2789,2701,2705,2914
1716469477365214232,2268,2259,2793,2783,2738,2691,2874
1716469477380499826,2256,2246,2717,2773,2715,2726,2951
1716469477397213959,2244,2219,2838,2785,2730,2691,2866
1716469477412149217,2233,2233,2832,2801,2740,2705,2864
1716469477427242966,2258,2249,2817,2788,2733,2705,2931
1716469477442173106,2265,2255,2811,2811,2824,2896,3225
1716469477459200855,2228,2230,2845,2785,2856,2732,2920
1716469477474259364,2272,2256,2825,2783,2722,2698,2930
1716469477489197435,2220,2221,2842,2809,2765,2898,2959
1716469477506258166,2271,2138,2830,2740,2737,2871,2860
1716469477521224564,2259,2272,2845,2806,2759,2777,2982
1716469477536172033,2249,2252,2843,2801,2862,2736,2917
1716469477553229963,2261,2279,2827,2793,2746,2893,3212
1716469477568189009,2230,2221,2860,2782,2700,2690,2850
1716469477583162924,2261,2266,2819,2796,2756,2745,2993
1716469477599818588,2223,2211,2845,2797,2754,2882,3197
1716469477615599365,2268,2245,2855,2803,2752,2756,2905
1716469477630191398,2244,2244,2841,2796,2809,2870,3226
1716469477645565528,2256,2248,2862,2798,2722,2707,2860
1716469477662247285,2223,2268,2825,2784,2734,2714,2904
1716469477677218552,2267,2270,2859,2784,2724,2843,3141
1716469477692161613,2255,2221,2851,2791,2733,2728,2926
1716469477709247397,2258,2244,2845,2784,2720,2704,2881
1716469477724170566,2257,2248,2847,2805,2771,2780,3275
1716469477739211503,2256,2253,2856,2788,2748,2717,2920
1716469477756190370,2277,2261,2841,2788,2757,2766,2967
1716469477771201445,2241,2255,2841,2788,2738,2740,2994
1716469477786260870,2276,2272,2823,2797,2738,2709,2880
1716469477803190150,2290,2275,2816,2834,2724,2696,2914
1716469477818192235,2219,2216,2850,2783,2714,2703,2971
1716469477833577756,2269,2265,2861,2801,2759,2761,2946
1716469477848188160,2256,2262,2822,2778,2727,2703,2908
1716469477865196846,2240,2244,2845,2774,2716,2706,2952
1716469477880187930,2246,2265,2843,2830,2722,2690,2844
1716469477895177791,2252,2232,2844,2801,2760,2724,2984
1716469477912190638,2219,2216,2846,2811,2740,2736,2911
1716469477927232207,2304,2265,2823,2836,2833,2725,2917
1716469477942168287,2228,2227,2847,2799,2746,2724,2895
1716469477959607676,2225,2230,2845,2788,2729,2725,2939
1716469477974241661,2254,2245,2868,2844,2829,2730,2904
1716469477989251884,2210,2211,2853,2784,2752,2752,2944
1716469478006257247,2231,2235,2870,2798,2744,2747,3001
1716469478021228971,2245,2233,2828,2825,2853,2883,3202
1716469478036168377,2231,2225,2858,2804,2722,2736,2978
1716469478053253849,2274,2259,2816,2800,2734,2709,2915
1716469478068182110,2244,2260,2820,2803,2783,2911,3258
1716469478083147029,2262,2263,2840,2792,2744,2716,2885
1716469478098225708,2231,2232,2847,2809,2832,2872,2903
1716469478115286103,2244,2233,2805,2789,2745,2730,2900
1716469478130260352,2288,2241,2841,2778,2715,2720,2958
1716469478145279722,2221,2223,2844,2799,2753,2730,2941
1716469478162227845,2222,2212,2867,2862,2849,2885,2918
1716469478177249537,2223,2235,2848,2781,2733,2736,2945
1716469478192251263,2287,2260,2821,2768,2839,2722,2900
1716469478209208824,2244,2246,2850,2802,2821,2885,3221
1716469478224221010,2233,2240,2820,2793,2724,2710,2880
1716469478239481203,2243,2215,2840,2803,2746,2733,2998
1716469478256196267,2290,2224,2851,2781,2733,2857,3165
1716469478271230152,2262,2221,2752,2781,2721,2721,2926
1716469478286167176,2252,2243,2856,2812,2738,2728,2871
1716469478301748307,2217,2221,2873,2785,2735,2725,2948
1716469478318191105,2216,2217,2850,2831,2808,2715,2867
1716469478333242831,2252,2240,2846,2792,2776,2904,3213
1716469478348307141,2265,2256,2850,2798,2739,2741,2953
1716469478365228136,2253,2260,2852,2805,2744,2718,2871
1716469478380488498,2222,2214,2851,2798,2760,2758,3266
1716469478395276993,2284,2268,2817,2800,2756,2738,2902
1716469478412173008,2226,2241,2871,2816,2761,2754,2949
1716469478427391082,2210,2206,2850,2785,2743,2728,2955
1716469478442242986,2265,2254,2835,2791,2736,2735,2893
1716469478459453639,2252,2256,2852,2850,2741,2697,2866
1716469478474202462,2228,2245,2852,2792,2742,2709,2963
1716469478489178944,2227,2224,2837,2808,2741,2721,2886
1716469478504240763,2243,2245,2828,2808,2753,2740,2989
1716469478521268907,2224,2226,2848,2803,2753,2741,2909
1716469478536207545,2271,2310,2825,2858,2768,2739,2938
1716469478551535710,2253,2240,2824,2784,2741,2741,3009
1716469478568198287,2216,2215,2859,2793,2736,2735,2928
1716469478583277004,2224,2227,2842,2848,2827,2730,2913
1716469478598611299,2241,2242,2857,2796,2701,2681,2902
1716469478615668354,2272,2267,2821,2776,2713,2698,2922
1716469478630420862,2256,2249,2845,2827,2805,2864,2920
1716469478645703937,2227,2224,2848,2789,2725,2709,2913
1716469478662216656,2232,2225,2850,2819,2773,2758,2944
1716469478677628068,2242,2247,2827,2800,2841,2900,3243
1716469478692764787,2257,2261,2841,2793,2738,2729,2899
1716469478709625861,2272,2248,2824,2777,2734,2721,2977
1716469478724164733,2274,2280,2819,2867,2741,2721,2917
1716469478739280695,2248,2252,2825,2789,2756,2738,2973
1716469478754253443,2258,2252,2845,2807,2797,2866,2909
1716469478771315824,2223,2213,2846,2801,2756,2762,3241
1716469478786176915,2253,2244,2854,2785,2730,2721,2954
1716469478801265511,2217,2219,2838,2788,2752,2728,2882
1716469478818302590,2309,2249,2817,2858,2830,2885,2930
1716469478833280899,2231,2245,2853,2802,2719,2688,2850
1716469478848239695,2255,2258,2816,2849,2824,2728,2938
1716469478865315914,2248,2250,2819,2777,2809,2836,3105
1716469478880235578,2256,2241,2844,2781,2728,2728,2951
1716469478895172265,2223,2219,2849,2840,2796,2720,2898
1716469478912139954,2249,2242,2832,2795,2786,2932,3253
1716469478927332894,2206,2197,2834,2745,2700,2708,2912
1716469478942186036,2240,2258,2827,2812,2849,2925,3225
1716469478957737837,2270,2262,2835,2807,2740,2720,2933
1716469478975181057,2261,2253,2861,2850,2851,2899,2938
1716469478990208075,2241,2252,2834,2801,2724,2708,2906
1716469479005188477,2256,2264,2852,2840,2836,2734,2934
1716469479022267533,2218,2211,2849,2801,2805,2856,3183
1716469479037252720,2272,2268,2826,2785,2736,2755,2963
1716469479052236283,2225,2208,2870,2848,2829,2849,2843
1716469479069675947,2229,2218,2852,2799,2769,2903,3232
1716469479084166648,2229,2229,2842,2816,2769,2735,2884
1716469479099213378,2246,2227,2837,2820,2854,2909,3229
1716469479116233090,2248,2240,2827,2783,2724,2694,3145
1716469479131863035,2271,2246,2827,2784,2720,2707,2902
1716469479148199149,2231,2217,2851,2801,2747,2757,2949
1716469479164207177,2254,2241,2821,2784,2718,2713,2909
1716469479179275755,2221,2192,2844,2786,2808,2705,2867
1716469479194287148,2260,2244,2811,2779,2720,2734,3002
1716469479209296844,2260,2256,2853,2839,2824,2882,2895
1716469479226181084,2257,2253,2823,2787,2775,2760,2963
1716469479241243821,2252,2252,2816,2806,2757,2747,2928
1716469479256149401,2242,2124,2841,2820,2840,2902,3245
1716469479273269365,2215,2208,2858,2837,2810,2721,2881
1716469479288215511,2327,2284,2828,2795,2744,2717,2963
1716469479303289235,2212,2218,2847,2794,2738,2705,2908
1716469479320192049,2264,2273,2834,2869,2832,2900,2928
1716469479335601256,2216,2216,2857,2790,2738,2896,2909
1716469479350409520,2265,2261,2834,2850,2840,2734,2914
1716469479367278643,2254,2244,2827,2798,2756,2760,2945
1716469479382642322,2204,2248,2818,2789,2747,2740,2946
1716469479397757309,2259,2268,2819,2868,2829,2885,2931
1716469479412592078,2153,2258,2851,2816,2717,2725,2853
1716469479429751817,2245,2240,2841,2788,2732,2704,2916
1716469479444583837,2240,2232,2846,2801,2819,2864,3158
1716469479460536694,2225,2250,2838,2858,2767,2746,2912
1716469479477303857,2232,2234,2844,2847,2833,2889,2955
1716469479492196913,2250,2214,2836,2785,2743,2716,2880
1716469479507246645,2244,2215,2840,2850,2838,2738,2936
1716469479524222812,2247,2234,2837,2819,2843,2871,3172
1716469479539718139,2268,2262,2843,2804,2753,2746,2954
1716469479554242638,2249,2247,2826,2788,2724,2688,2875
1716469479571250929,2277,2266,2819,2789,2775,2908,3220
1716469479586254217,2279,2260,2824,2793,2732,2720,2924
1716469479601238575,2262,2247,2817,2806,2819,2893,3207
1716469479616294621,2225,2228,2852,2798,2745,2744,2956
1716469479634267499,2261,2256,2841,2834,2819,2856,2884
1716469479649323894,2228,2229,2845,2786,2734,2738,3190
1716469479664283837,2255,2262,2819,2845,2822,2722,2915
1716469479681257450,2217,2221,2837,2827,2884,2928,3227
1716469479696329533,2252,2251,2838,2819,2779,2768,3000
1716469479711264931,2244,2249,2900,2853,2835,2891,2929
1716469479730099135,2259,2264,2833,2793,2752,2705,3192
1716469479744175949,2241,2262,2792,2800,2730,2717,2896
1716469479759368499,2259,2255,2821,2797,2721,2696,2869
1716469479776205818,2240,2231,2853,2808,2753,2741,3011
1716469479791166303,2245,2252,2843,2801,2743,2716,2869
1716469479806231279,2206,2202,2824,2801,2757,2763,3264
1716469479823235093,2282,2248,2848,2784,2741,2731,2913
1716469479838228814,2217,2275,2852,2792,2732,2716,2894
1716469479853211047,2259,2309,2823,2797,2737,2725,2982
1716469479868216442,2247,2245,2846,2793,2724,2697,2858
1716469479885239408,2215,2235,2844,2872,2778,2761,2962
1716469479900254909,2263,2210,2852,2785,2730,2708,2932
1716469479915174639,2266,2254,2802,2802,2734,2735,2938
1716469479932207543,2209,2225,2855,2854,2839,2731,2888
1716469479947712487,2226,2228,2845,2798,2736,2708,2961
1716469479962264351,2212,2257,2818,2796,2721,2703,2894
1716469479979704238,2250,2241,2834,2848,2812,2856,2900
1716469479994371995,2252,2208,2852,2797,2728,2715,2902
1716469480009584320,2257,2133,2830,2847,2828,2730,2911
1716469480026340518,2232,2231,2841,2811,2765,2727,2901
1716469480041232981,2282,2285,2812,2793,2746,2758,2965
1716469480056661219,2234,2234,2838,2852,2845,2913,2979
1716469480071244081,2272,2285,2838,2790,2724,2705,2889
1716469480086447178,2215,2215,2832,2845,2847,2736,2940
1716469480101225525,2221,2206,2855,2785,2739,2732,2891
1716469480116284597,2226,2228,2853,2858,2720,2697,2893
1716469480131261262,2223,2213,2832,2788,2737,2721,2976
1716469480146283467,2229,2214,2854,2818,2768,2721,2836
1716469480161188527,2257,2264,2849,2806,2764,2752,2995
1716469480176152055,2251,2252,2874,2796,2736,2708,2889
1716469480191184721,2254,2264,2855,2801,2741,2716,3225
1716469480207228615,2229,2218,2861,2801,2725,2706,2883
1716469480221451371,2277,2272,2829,2792,2745,2933,3245
1716469480236179205,2199,2228,2849,2789,2722,2722,2907
1716469480251230612,2240,2224,2858,2795,2736,2733,2968
1716469480266331845,2218,2229,2863,2803,2735,2773,2954
1716469480281281133,2261,2252,2825,2784,2720,2704,2860
1716469480296526433,2225,2233,2836,2801,2744,2728,2888
1716469480311187677,2231,2233,2856,2805,2732,2714,2897
1716469480326248837,2257,2220,2827,2787,2720,2696,2887
1716469480341228477,2216,2208,2864,2780,2738,2857,3181
1716469480356174038,2226,2212,2848,2792,2729,2726,2909
1716469480371203098,2259,2216,2847,2807,2824,2893,3218
1716469480386268132,2272,2273,2819,2784,2716,2709,2873
1716469480401214073,2270,2253,2888,2857,2833,2887,2930
1716469480416221068,2222,2248,2849,2803,2753,2758,2962
1716469480431229021,2224,2213,2837,2840,2821,2706,2863
1716469480447414558,2211,2206,2823,2804,2752,2720,2861
1716469480461501628,2220,2223,2853,2798,2755,2766,3282
1716469480477203518,2216,2234,2831,2800,2733,2701,2860
1716469480492494302,2217,2217,2840,2802,2772,2909,3227
1716469480507269339,2240,2235,2861,2809,2761,2759,2944
1716469480522274041,2231,2209,2846,2799,2871,2895,3175
1716469480537234602,2258,2270,2846,2816,2780,2755,2980
1716469480552730853,2228,2221,2844,2796,2735,2742,2929
1716469480567229564,2250,2260,2844,2793,2713,2725,2974
1716469481167949040,2250,2260,2844,2793,2713,2725,2974
1716469481621143579,2231,2222,2824,2803,2709,2690,2864
1716469481636161578,2247,2245,2830,2785,2720,2690,2864
1716469481651256964,2211,2204,2844,2848,2848,2888,2932
1716469481666327296,2211,2232,2848,2780,2737,2718,2864
1716469481681317694,2196,2209,2845,2808,2764,2767,2953
1716469481696237985,2193,2180,2852,2797,2720,2692,2965
1716469481711263663,2212,2205,2848,2807,2737,2859,3189
1716469481726261425,2222,2222,2838,2796,2722,2764,2991
1716469481741322443,2211,2203,2858,2773,2806,2709,2865
1716469481756249173,2212,2212,2853,2827,2757,2754,2973
1716469481771221247,2191,2197,2848,2784,2712,2707,2888
1716469481786274733,2243,2232,2831,2778,2735,2742,3252
1716469481801542299,2221,2221,2833,2856,2832,2733,2932
1716469481816240630,2197,2189,2851,2783,2724,2695,2928
1716469481831227668,2230,2240,2844,2855,2740,2724,2908
1716469481846242153,2210,2204,2838,2791,2737,2698,2874
1716469481861582363,2207,2204,2848,2808,2746,2706,2915
1716469481876183611,2208,2208,2848,2808,2754,2754,2999
1716469481891171868,2226,2188,2846,2808,2723,2708,2872
1716469481906283266,2232,2232,2885,2795,2765,2743,3257
1716469481921224486,2229,2227,2824,2844,2834,2753,2949
1716469481936279675,2241,2244,2853,2804,2717,2881,3212
1716469481951249486,2206,2209,2856,2821,2728,2710,2872
1716469481966289760,2201,2206,2850,2792,2828,2860,3154
1716469481981262769,2228,2222,2840,2787,2742,2752,2956
1716469481996234664,2225,2205,2830,2789,2731,2889,2929
1716469482011189194,2245,2233,2850,2798,2754,2732,2926
1716469482026613647,2216,2192,2847,2794,2741,2690,3172
1716469482041254341,2246,2245,2810,2806,2737,2720,2912
1716469482056244481,2244,2232,2820,2787,2726,2705,2883
1716469482071240079,2210,2213,2851,2788,2712,2730,2937
1716469482086208094,2229,2217,2850,2760,2810,2848,3182
1716469482101294708,2196,2204,2851,2800,2732,2706,2880
1716469482117713106,2248,2273,2841,2804,2743,2718,2960
1716469482132200183,2212,2206,2833,2805,2744,2734,2936
1716469482147257835,2214,2206,2854,2807,2728,2673,2873
1716469482162219293,2224,2214,2852,2796,2746,2740,2925
1716469482177274545,2229,2195,2854,2810,2764,2743,3251
1716469482192203361,2230,2226,2828,2809,2760,2728,2896
1716469482207272330,2268,2262,2825,2805,2732,2872,3235
1716469482222246337,2278,2216,2848,2800,2728,2710,2869
1716469482237368104,2222,2195,2863,2791,2816,2858,3172
1716469482252197467,2224,2202,2853,2792,2747,2729,2914
1716469482267534555,2224,2235,2834,2834,2839,2857,2905
1716469482282262709,2216,2206,2844,2792,2725,2693,2883
1716469482297215839,2228,2206,2825,2800,2820,2712,2869
1716469482312179339,2200,2194,2853,2760,2746,2719,2971
1716469482327222758,2208,2208,2826,2796,2712,2703,2871
1716469482342262133,2244,2253,2840,2792,2726,2716,2967
1716469482357252764,2191,2191,2852,2805,2760,2743,2938
1716469482372191205,2208,2203,2851,2792,2720,2717,2950
1716469482387204779,2249,2256,2822,2828,2816,2858,2920
1716469482402268136,2226,2211,2847,2825,2768,2746,2910
1716469482417328412,2220,2221,2840,2841,2838,2722,2921
1716469482432214725,2201,2182,2857,2794,2760,2725,2929
1716469482447254059,2246,2244,2820,2839,2728,2705,2928
1716469482462261128,2228,2226,2853,2810,2733,2730,2974
1716469482477294625,2224,2245,2845,2804,2717,2696,2881
1716469482492169161,2232,2246,2847,2798,2756,2760,2982
1716469482507254480,2216,2231,2854,2806,2733,2720,2874
1716469482522189106,2203,2200,2855,2784,2726,2708,2915
1716469482537284902,2227,2212,2852,2819,2767,2720,2881
1716469482552241686,2203,2201,2845,2805,2747,2886,3200
1716469482567218153,2268,2252,2817,2806,2728,2716,2907
1716469482582289107,2244,2234,2824,2796,2721,2888,3177
1716469482597375041,2214,2188,2837,2790,2733,2729,2949
1716469482612199518,2213,2200,2847,2796,2746,2704,2842
1716469482627259736,2227,2213,2832,2788,2720,2717,2954
1716469482642479790,2232,2220,2821,2800,2735,2713,2860
1716469482657269506,2195,2212,2832,2782,2719,2680,2873
1716469482672757922,2220,2212,2826,2793,2722,2872,3209
1716469482688241080,2201,2210,2843,2853,2845,2763,2958
1716469482703291332,2196,2187,2850,2793,2738,2704,2920
1716469482718238694,2262,2248,2822,2834,2728,2710,2906
1716469482733582777,2213,2207,2844,2799,2718,2701,2840
1716469482749297967,2251,2232,2816,2796,2731,2680,2844
1716469482764205479,2249,2197,2854,2792,2755,2765,2981
1716469482779734558,2235,2232,2840,2786,2838,2872,3182
1716469482794206991,2210,2197,2853,2789,2720,2694,2900
1716469482809216813,2193,2186,2848,2794,2730,2880,2931
1716469482824243791,2200,2202,2847,2797,2720,2699,2836
1716469482839218469,2213,2204,2843,2864,2843,2752,2937
1716469482854332784,2230,2241,2823,2796,2731,2689,2861
1716469482869257431,2240,2224,2824,2842,2758,2730,2924
1716469482884246427,2184,2194,2859,2791,2729,2723,2973
1716469482899245596,2196,2196,2854,2779,2744,2705,2866
1716469482914313238,2220,2218,2812,2766,2741,2721,2962
1716469482929269124,2207,2203,2846,2820,2797,2856,2884
1716469482944202658,2205,2189,2852,2783,2726,2754,3286
1716469482959232882,2213,2208,2840,2788,2737,2701,2932
1716469482974203217,2206,2212,2859,2788,2752,2729,2953
1716469482989237823,2205,2194,2854,2836,2732,2720,2912
1716469483004215596,2240,2250,2819,2797,2716,2693,2908
1716469483020253030,2192,2187,2842,2817,2737,2882,3185
1716469483035211848,2205,2211,2856,2808,2757,2748,2912
1716469483050235563,2242,2232,2821,2789,2724,2700,2849
1716469483065264980,2236,2222,2825,2780,2722,2707,2944
1716469483080884017,2177,2222,2802,2829,2829,2859,2915
1716469483095172779,2193,2186,2855,2796,2716,2714,2896
1716469483110238909,2220,2210,2853,2846,2816,2719,2913
1716469483125258747,2210,2207,2857,2800,2739,2706,2923
1716469483140239932,2208,2216,2849,2842,2741,2728,2969
1716469483155231347,2206,2203,2825,2805,2724,2709,2882
1716469483170409042,2207,2192,2852,2797,2720,2708,2885
1716469483185242748,2202,2101,2850,2792,2764,2743,2978
1716469483200641499,2234,2229,2801,2805,2736,2706,2857
1716469483215211723,2204,2193,2849,2801,2753,2745,3253
1716469483230191218,2203,2212,2852,2842,2730,2690,2854
1716469483245255678,2206,2204,2858,2787,2730,2709,2964
1716469483260157883,2219,2195,2859,2805,2728,2715,2929
1716469483275425489,2224,2232,2841,2795,2742,2728,2992
1716469483290200635,2240,2243,2829,2809,2748,2729,2932
1716469483305268851,2216,2206,2847,2793,2753,2744,2949
1716469483466350201,2216,2206,2847,2793,2753,2744,2949
1716469483481262517,2223,2229,2851,2816,2740,2708,2883
1716469483496254544,2194,2194,2852,2792,2754,2742,2978
1716469483511314354,2204,2219,2848,2816,2760,2722,2912
1716469483526353964,2231,2225,2810,2798,2760,2744,3256
1716469483541237983,2226,2225,2845,2820,2764,2734,2920
1716469483556258565,2216,2208,2844,2806,2717,2843,3121
1716469483571291443,2221,2213,2850,2837,2734,2720,2925
1716469483586244047,2195,2232,2837,2787,2840,2746,2951
1716469483601275956,2207,2212,2843,2809,2760,2755,2960
1716469483616247363,2210,2207,2849,2826,2828,2888,2934
1716469483631295152,2216,2182,2860,2804,2756,2730,2900
1716469483646212608,2235,2223,2818,2793,2768,2748,2950
1716469483661239951,2254,2234,2830,2793,2728,2703,2850
1716469483676222596,2219,2212,2840,2802,2740,2889,2928
1716469483691244980,2220,2217,2852,2794,2733,2727,2937
1716469483706263364,2217,2225,2848,2790,2825,2874,3184
1716469483721291191,2252,2248,2818,2792,2730,2740,2952
1716469483736296993,2216,2208,2840,2841,2825,2883,2908
1716469483751303638,2226,2214,2848,2797,2744,2731,2980
1716469483766340926,2224,2200,2853,2794,2745,2698,2866
1716469483781746933,2208,2204,2848,2797,2746,2726,2962
1716469483796641240,2256,2235,2812,2824,2731,2724,2925
1716469483811246592,2218,2208,2847,2799,2735,2737,2978
1716469483826228834,2201,2241,2822,2792,2738,2720,2916
1716469483841186869,2225,2206,2844,2797,2730,2712,2881
1716469483856193627,2236,2223,2851,2798,2739,2729,2907
1716469483871278107,2221,2224,2834,2794,2754,2762,2955
1716469483886204068,2227,2242,2837,2859,2744,2711,2898
1716469483901203692,2216,2232,2847,2810,2726,2872,3213
1716469483916235125,2256,2235,2807,2842,2741,2716,2884
1716469483931275411,2215,2220,2849,2822,2768,2752,3219
1716469483946155394,2227,2231,2817,2794,2737,2729,2932
1716469483961164001,2218,2232,2812,2787,2733,2718,2954
1716469483976189796,2219,2215,2847,2795,2725,2741,2928
1716469483991161947,2257,2242,2848,2794,2772,2746,3269
1716469484006190897,2233,2217,2845,2805,2760,2728,2918
1716469484021183765,2208,2213,2848,2801,2720,2856,3161
1716469484036164551,2217,2208,2853,2792,2726,2723,2920
1716469484051232998,2249,2250,2820,2797,2736,2722,2893
1716469484066255318,2209,2207,2856,2799,2743,2746,2960
1716469484081193178,2207,2250,2809,2824,2827,2898,2966
1716469484096220845,2226,2248,2821,2800,2740,2728,2894
1716469484111175362,2236,2232,2819,2786,2758,2748,2956
1716469484126232054,2244,2249,2825,2805,2758,2740,2932
1716469484141190398,2201,2204,2856,2840,2744,2728,2945
1716469484156179724,2235,2243,2840,2794,2762,2734,2937
1716469484171230673,2211,2212,2855,2790,2852,2903,2900
1716469484186219123,2224,2226,2854,2792,2754,2767,2980
1716469484201200359,2200,2208,2840,2832,2829,2868,2855
1716469484216199201,2243,2230,2848,2793,2736,2741,2934
1716469484231473931,2206,2206,2847,2838,2804,2692,2848
1716469484246211914,2242,2243,2844,2803,2761,2733,2953
1716469484261252121,2269,2256,2806,2791,2720,2710,2905
1716469484276179286,2222,2224,2854,2798,2731,2738,3014
1716469484291194246,2242,2217,2846,2785,2747,2743,2937
1716469484306236893,2241,2254,2845,2800,2746,2734,2927
1716469484321220565,2218,2219,2839,2849,2848,2757,2946
1716469484336202908,2209,2246,2835,2796,2754,2737,2882
1716469484351211413,2217,2211,2838,2836,2744,2709,2889
1716469484366250166,2233,2219,2844,2818,2762,2916,3243
1716469484381583826,2217,2206,2848,2840,2737,2722,2904
1716469484397430871,2211,2206,2850,2783,2836,2899,3241
1716469484411220570,2232,2233,2810,2782,2720,2706,2861
1716469484426225023,2246,2255,2848,2841,2833,2866,2922
1716469484441253189,2250,2248,2826,2793,2752,2754,2949
1716469484456235460,2256,2265,2829,2800,2845,2760,2945
1716469484471192903,2227,2208,2853,2799,2728,2708,2920
1716469484486259384,2249,2253,2843,2806,2733,2876,3194
1716469484501163863,2229,2248,2849,2805,2741,2733,2921
1716469484516247222,2234,2228,2852,2777,2798,2833,3103
1716469484531277895,2243,2244,2843,2791,2732,2736,2964
1716469484546248139,2192,2208,2836,2782,2741,2726,2913
1716469484561186339,2276,2221,2852,2794,2754,2763,2934
1716469484576211889,2220,2220,2853,2841,2828,2730,2936
1716469484591241084,2257,2245,2820,2796,2723,2695,2926
1716469484606231808,2215,2227,2844,2853,2776,2768,2992
1716469484621564613,2240,2228,2838,2808,2712,2702,2862
1716469484636168768,2234,2210,2844,2808,2765,2746,2936
1716469484651236665,2217,2208,2818,2795,2733,2741,2980
1716469484666193492,2203,2229,2824,2790,2738,2708,2869
1716469484681300575,2219,2218,2831,2794,2737,2722,3240
1716469484696784197,2222,2234,2837,2810,2760,2718,2865
1716469484711181006,2214,2216,2851,2785,2741,2716,2968
1716469484726220223,2250,2242,2817,2783,2717,2730,2945
1716469484741542132,2224,2213,2853,2800,2743,2885,3189
1716469484756150526,2254,2250,2800,2776,2736,2762,2972
1716469484771261855,2232,2230,2858,2798,2746,2755,2990
1716469484786270182,2218,2206,2853,2791,2738,2744,2926
1716469484801220826,2265,2258,2825,2782,2741,2694,3168
1716469484816235875,2224,2225,2830,2789,2736,2728,2925
1716469484831175560,2229,2225,2841,2807,2761,2760,2958
1716469484846230804,2228,2218,2833,2790,2732,2725,2929
1716469484861197119,2218,2224,2842,2804,2729,2717,2977
1716469484876181646,2230,2229,2843,2816,2742,2707,2874
1716469484891223107,2208,2226,2842,2842,2818,2873,2931
1716469484906257273,2246,2217,2852,2800,2754,2740,2910
1716469484921198581,2205,2234,2816,2843,2826,2734,2922
1716469484936202813,2221,2209,2857,2781,2732,2721,2977
1716469484955689097,2216,2210,2848,2816,2756,2897,3224
1716469484968304094,2223,2259,2804,2833,2841,2905,2941
1716469484983271735,2269,2270,2852,2810,2734,2725,2897
1716469485005257926,2250,2260,2845,2816,2766,2746,2923
1716469485020150848,2241,2229,2841,2794,2761,2733,2889
1716469485035140568,2235,2221,2859,2795,2734,2743,2919
1716469485050258192,2248,2222,2853,2783,2700,2700,2896
1716469485065318814,2214,2227,2848,2801,2743,2861,2900
1716469485080591799,2226,2242,2836,2801,2746,2721,2916
1716469485095173025,2252,2253,2828,2768,2810,2841,3152
1716469485110203610,2252,2221,2834,2793,2737,2746,2973
1716469485125228567,2230,2232,2834,2792,2722,2693,2825
1716469485140603033,2209,2199,2854,2780,2738,2730,2926
1716469485155234013,2255,2259,2832,2838,2810,2709,2913
1716469485170272279,2204,2204,2846,2810,2748,2718,2911
1716469485185183080,2212,2250,2820,2843,2739,2727,2932
1716469485200178355,2255,2252,2827,2796,2729,2706,2920
1716469485215431186,2216,2268,2824,2794,2744,2732,2945
1716469485230224427,2222,2225,2845,2794,2753,2760,2980
1716469485245212227,2163,2211,2843,2800,2752,2752,2906
1716469485260168202,2241,2224,2848,2804,2766,2757,3274
1716469485275180206,2246,2233,2817,2850,2836,2746,2901
1716469485290202404,2216,2206,2847,2782,2754,2888,3213
1716469485305212258,2274,2234,2811,2823,2721,2700,2888
1716469485320203631,2212,2206,2851,2800,2743,2737,2962
1716469485335196441,2248,2254,2836,2798,2721,2706,2952
1716469485350199653,2229,2228,2822,2793,2744,2756,2981
1716469485365232231,2217,2196,2862,2806,2753,2773,2973
1716469485380206071,2205,2200,2848,2808,2745,2717,3208
1716469485395159226,2227,2211,2848,2794,2753,2744,2939
1716469485410142499,2214,2228,2848,2808,2744,2719,2900
1716469485425254925,2257,2245,2812,2781,2720,2717,2929
1716469485440191572,2246,2258,2841,2797,2728,2892,3205
1716469485455190966,2218,2201,2850,2800,2744,2702,2910
1716469485470220434,2243,2256,2805,2829,2829,2896,2920
1716469485485228150,2220,2247,2824,2797,2752,2736,2880
1716469485500147700,2221,2254,2828,2834,2826,2729,2921
1716469485515230205,2229,2214,2847,2792,2744,2712,2898
1716469485530192981,2217,2212,2842,2821,2755,2741,2920
1716469485545236322,2235,2232,2826,2798,2745,2739,3012
1716469485560157197,2253,2256,2837,2778,2834,2716,2880
1716469485575224149,2210,2214,2849,2802,2747,2757,2986
1716469485590211869,2246,2132,2800,2817,2816,2853,2862
1716469485605237981,2203,2213,2858,2797,2757,2762,3256
1716469485620158352,2240,2233,2845,2821,2785,2760,2952
1716469485635245437,2209,2222,2856,2789,2736,2712,2965
1716469485650233357,2233,2213,2852,2841,2757,2761,2976
1716469485665324470,2222,2224,2822,2788,2734,2706,2936
1716469485680161323,2254,2249,2820,2790,2736,2730,2938
1716469485695248871,2196,2208,2852,2790,2730,2733,2888
1716469485710209253,2260,2240,2818,2790,2719,2701,2872
1716469485725213405,2229,2160,2826,2808,2780,2752,3284
1716469485740197193,2242,2178,2820,2802,2728,2705,2892
1716469485755243691,2257,2216,2854,2808,2728,2883,3236
1716469485916308887,2257,2216,2854,2808,2728,2883,3236
1716469485931284280,2218,2241,2846,2794,2740,2719,2925
1716469485946504716,2223,2229,2847,2799,2741,2709,2858
1716469485961239755,2265,2243,2834,2848,2765,2752,2909
1716469485976221619,2226,2218,2856,2781,2826,2897,3252
1716469485991597468,2240,2229,2833,2799,2726,2724,2896
1716469486006833185,2246,2232,2822,2786,2734,2733,2962
1716469486021240746,2217,2199,2853,2782,2732,2712,2861
1716469486035470673,2244,2245,2818,2796,2741,2726,2932
1716469486050229618,2208,2199,2854,2811,2747,2744,2992
1716469486065165054,2216,2216,2841,2819,2778,2761,2937
1716469486080221391,2216,2210,2855,2804,2740,2734,2910
1716469486095180493,2208,2231,2824,2792,2743,2728,2908
