%time,field.ad1,field.ad2,field.ad3,field.ad4,field.ad5,field.ad6,field.ad7
1716469053631353270,2226,2233,2847,2806,2761,2754,2973
1716469053646208624,2280,2225,2869,2802,2746,2721,2887
1716469053661241593,2251,2222,2873,2852,2842,2903,3229
1716469053676168234,2223,2244,2819,2789,2716,2704,2875
1716469053691558383,2215,2219,2840,2800,2741,2869,3167
1716469053706213096,2271,2259,2844,2852,2758,2744,2936
1716469053721269635,2222,2223,2861,2803,2765,2752,2922
1716469053736251254,2278,2260,2823,2838,2759,2753,2963
1716469053751437742,2231,2234,2848,2808,2756,2740,3231
1716469053766244569,2262,2249,2839,2825,2756,2739,2901
1716469053781458202,2253,2250,2811,2789,2732,2726,2919
1716469053796183255,2268,2249,2856,2812,2754,2746,2907
1716469053811479434,2246,2261,2817,2782,2757,2900,3234
1716469053826199007,2248,2242,2849,2804,2738,2714,2863
1716469053841417020,2263,2251,2830,2809,2851,2919,3249
1716469053856216818,2221,2227,2850,2824,2769,2772,2966
1716469053871167200,2241,2250,2848,2827,2876,2897,3185
1716469053886221880,2252,2242,2860,2805,2755,2736,2925
1716469053901176519,2231,2229,2848,2793,2809,2834,2843
1716469053916204290,2276,2263,2833,2799,2727,2714,2934
1716469053931147922,2257,2248,2827,2799,2737,2710,2909
1716469053946239714,2273,2252,2829,2786,2737,2756,2998
1716469053961213079,2235,2251,2834,2862,2782,2763,2965
1716469053976208892,2226,2234,2848,2825,2772,2758,2973
1716469053991180438,2242,2249,2873,2820,2773,2754,2961
1716469054006204599,2241,2244,2838,2802,2740,2719,2895
1716469054021186646,2234,2234,2844,2843,2825,2870,2902
1716469054036520693,2246,2234,2849,2784,2740,2916,3230
1716469054051190151,2108,2236,2844,2847,2841,2769,2981
1716469054066271434,2254,2253,2824,2793,2757,2730,2986
1716469054081526544,2223,2220,2848,2852,2768,2756,2929
1716469054096564492,2203,2208,2854,2802,2756,2752,2987
1716469054111366017,2220,2233,2847,2816,2769,2735,2883
1716469054126826255,2242,2249,2850,2831,2764,2765,3255
1716469054141424688,2277,2248,2848,2799,2723,2711,2899
1716469054156606683,2249,2247,2853,2789,2763,2910,3217
1716469054171210832,2285,2259,2853,2801,2756,2741,2934
1716469054186450762,2273,2262,2821,2811,2839,2886,3181
1716469054201261195,2244,2235,2858,2788,2735,2724,3220
1716469054216288390,2216,2206,2853,2809,2782,2735,2906
1716469054231588127,2253,2257,2856,2828,2768,2758,2933
1716469054246639392,2257,2250,2824,2797,2849,2885,2950
1716469054261522504,2269,2266,2818,2804,2746,2721,2888
1716469054276506089,2276,2261,2825,2860,2836,2764,2965
1716469054292515920,2232,2207,2844,2834,2733,2715,2896
1716469054307167965,2251,2244,2853,2800,2742,2713,2873
1716469054322158416,2270,2272,2841,2849,2832,2743,2917
1716469054337168745,2265,2261,2837,2792,2742,2719,2912
1716469054352193468,2249,2269,2835,2825,2865,2915,3243
1716469054367229658,2231,2241,2846,2813,2745,2736,3003
1716469054382293213,2266,2260,2866,2806,2737,2694,2866
1716469054398186314,2216,2211,2856,2809,2742,2727,3219
1716469054412154032,2243,2233,2856,2796,2723,2702,2864
1716469054427162906,2313,2257,2820,2791,2760,2920,3253
1716469054442248767,2256,2221,2838,2792,2752,2754,2958
1716469054457181912,2262,2252,2817,2821,2854,2900,3205
1716469054473246846,2246,2217,2851,2792,2757,2918,3255
1716469054488394332,2244,2100,2847,2796,2737,2716,2962
1716469054503527041,2296,2250,2828,2837,2741,2723,2883
1716469054518226787,2230,2253,2834,2801,2759,2733,2967
1716469054533345625,2264,2271,2860,2809,2735,2710,2902
1716469054548225513,2216,2212,2854,2808,2739,2743,3247
1716469054563270358,2257,2232,2818,2799,2732,2705,2897
1716469054578227716,2217,2212,2855,2796,2739,2852,3167
1716469054593243467,2241,2233,2846,2847,2836,2756,2916
1716469054608163568,2259,2265,2824,2805,2768,2723,2928
1716469054623239757,2248,2246,2855,2810,2769,2765,2940
1716469054638234816,2281,2292,2829,2797,2720,2693,2888
1716469054653349932,2243,2255,2861,2823,2765,2744,2892
1716469054668221194,2272,2264,2819,2792,2734,2703,3226
1716469054683152912,2242,2212,2860,2807,2748,2731,2891
1716469054698282425,2232,2231,2841,2790,2753,2902,3237
1716469054713245801,2242,2223,2849,2809,2740,2703,2856
1716469054730497575,2247,2255,2851,2820,2771,2764,2954
1716469054745679440,2210,2213,2853,2797,2733,2697,2872
1716469054760138595,2279,2253,2823,2791,2731,2704,2882
1716469054775184702,2228,2210,2860,2793,2765,2908,3244
1716469054790171838,2296,2268,2827,2798,2738,2727,2916
1716469054805163866,2223,2223,2846,2823,2864,2912,3249
1716469054820182340,2246,2235,2857,2816,2773,2733,2862
1716469054835579482,2261,2260,2852,2866,2860,2903,3192
1716469054850441007,2260,2232,2822,2788,2729,2734,2923
1716469054865459017,2214,2241,2856,2802,2829,2883,2931
1716469054880240772,2231,2202,2830,2782,2725,2720,2936
1716469054896176210,2254,2271,2836,2800,2736,2743,3230
1716469054911221477,2228,2236,2850,2855,2854,2908,2957
1716469054926175856,2242,2229,2851,2790,2759,2908,3245
1716469054941190356,2221,2222,2852,2813,2731,2708,2881
1716469054956199782,2269,2261,2821,2794,2872,2910,3220
1716469054971278076,2254,2256,2829,2805,2753,2740,2939
1716469054986180067,2241,2241,2852,2821,2864,2907,3216
1716469055001430392,2247,2253,2838,2821,2771,2753,2948
1716469055016455204,2218,2209,2849,2808,2745,2719,3177
1716469055031302037,2281,2228,2825,2781,2719,2701,2895
1716469055046255484,2221,2220,2852,2796,2741,2741,2910
1716469055061387333,2269,2246,2831,2794,2743,2741,2939
1716469055076471410,2255,2250,2855,2827,2853,2910,3236
1716469055091140026,2262,2249,2831,2816,2772,2765,2935
1716469055106257562,2271,2266,2847,2854,2844,2903,3230
1716469055121278892,2240,2272,2816,2793,2734,2697,2845
1716469055136496236,2230,2241,2861,2800,2832,2858,2901
1716469055151420948,2240,2230,2857,2790,2732,2731,2930
1716469055166243534,2261,2242,2851,2845,2846,2771,2953
1716469055181184857,2220,2242,2835,2790,2744,2736,2990
1716469055196280242,2231,2226,2849,2810,2762,2729,2881
1716469055211241623,2220,2223,2856,2825,2770,2745,2975
1716469055226282984,2261,2265,2851,2852,2834,2887,3138
1716469055241330628,2262,2266,2836,2812,2762,2745,2961
1716469055256163649,2220,2233,2854,2845,2729,2702,2875
1716469055271147744,2225,2224,2857,2798,2764,2888,3175
1716469055286455761,2249,2245,2844,2845,2850,2778,2959
1716469055301298718,2294,2259,2832,2794,2726,2703,2892
1716469055316203927,2225,2224,2852,2845,2765,2773,2990
1716469055331565532,2253,2256,2827,2809,2742,2701,3204
1716469055346221841,2262,2266,2846,2808,2748,2720,2891
1716469055361170611,2224,2225,2853,2812,2754,2757,3255
1716469055376287968,2227,2210,2851,2797,2757,2740,2913
1716469055391252965,2264,2262,2820,2796,2757,2908,3254
1716469055406882813,2224,2217,2851,2787,2747,2709,2852
1716469055421148719,2236,2240,2849,2811,2863,2916,3244
1716469055436116142,2213,2217,2853,2792,2763,2764,2965
1716469055451306914,2266,2228,2855,2845,2828,2881,3172
1716469055466366283,2241,2236,2866,2810,2778,2765,2966
1716469055481387666,2261,2234,2854,2823,2819,2858,2897
1716469055496170047,2221,2214,2852,2792,2727,2736,2949
1716469055511195596,2258,2263,2818,2797,2726,2715,2891
1716469055526192228,2234,2208,2859,2799,2758,2744,2969
1716469055541423994,2267,2153,2820,2803,2765,2755,2950
1716469055556369664,2230,2219,2853,2810,2773,2770,2951
1716469055571177318,2264,2258,2855,2857,2854,2905,3222
1716469055586187030,2253,2249,2822,2800,2729,2701,3106
1716469055601433598,2250,2259,2848,2838,2824,2873,2921
1716469055616534377,2261,2250,2813,2775,2724,2717,2893
1716469055631378846,2269,2253,2836,2855,2850,2759,2957
1716469055646187030,2252,2229,2842,2797,2737,2728,2982
1716469055661309195,2253,2257,2816,2805,2844,2902,2950
1716469055676170927,2249,2245,2845,2822,2792,2771,3003
1716469055691462234,2223,2211,2850,2798,2733,2702,2856
1716469055706268378,2268,2249,2841,2802,2741,2733,3232
1716469055721642573,2255,2245,2840,2776,2721,2708,2892
1716469055736220716,2228,2227,2817,2789,2757,2896,3210
1716469055751272130,2245,2232,2849,2792,2752,2745,2936
1716469055766216167,2218,2219,2856,2799,2824,2859,3153
1716469055781881967,2256,2234,2843,2857,2772,2752,2940
1716469055796172396,2230,2223,2854,2825,2775,2756,2940
1716469055811679185,2226,2227,2860,2818,2773,2754,2959
1716469055826216292,2219,2193,2853,2808,2735,2715,2915
1716469055841205024,2305,2263,2825,2789,2719,2682,2893
1716469055856224908,2261,2273,2846,2796,2755,2910,2954
1716469055871189123,2293,2252,2847,2798,2741,2721,2880
1716469055886274272,2253,2259,2844,2821,2868,2908,3249
1716469055901177343,2244,2247,2847,2820,2775,2757,2930
1716469055916250112,2221,2230,2881,2866,2839,2887,3185
1716469055931187993,2221,2220,2848,2811,2758,2747,2932
1716469055946670506,2232,2264,2848,2836,2824,2880,2950
1716469055961488452,2261,2227,2858,2792,2734,2723,2909
1716469055976168632,2280,2271,2858,2793,2776,2708,2839
1716469055991252842,2249,2220,2828,2791,2752,2735,2980
1716469056006273572,2264,2259,2832,2856,2775,2772,2962
1716469056021273642,2233,2235,2855,2806,2768,2752,2997
1716469056036246317,2258,2256,2851,2826,2779,2758,2936
1716469056051249909,2229,2234,2852,2817,2770,2731,3162
1716469056066283240,2233,2219,2849,2806,2739,2729,3233
1716469056081259380,2207,2199,2856,2791,2745,2744,2901
1716469056096764847,2255,2266,2818,2841,2841,2758,2946
1716469056111539527,2228,2217,2854,2783,2737,2720,3243
1716469056126534986,2209,2222,2851,2868,2784,2775,2953
1716469056141274891,2243,2228,2854,2808,2743,2738,3001
1716469056156361642,2256,2262,2840,2791,2729,2696,2864
1716469056171116690,2222,2220,2855,2797,2753,2735,3239
1716469056186190678,2217,2212,2861,2796,2729,2710,2866
1716469056201214642,2240,2247,2848,2822,2776,2929,3252
1716469056216172540,2242,2226,2855,2796,2758,2741,2937
1716469056231361217,2242,2244,2848,2822,2868,2914,3256
1716469056246208944,2255,2261,2861,2790,2734,2725,2915
1716469056261210495,2219,2213,2853,2809,2830,2871,3119
1716469056276465960,2241,2253,2866,2819,2757,2768,2991
1716469056291181496,2226,2226,2848,2809,2833,2718,2886
1716469056306372421,2266,2235,2834,2798,2735,2727,2885
1716469056321200779,2205,2286,2823,2790,2775,2769,2956
1716469056336130410,2277,2256,2822,2809,2757,2744,2964
1716469056351547617,2261,2261,2849,2831,2786,2769,2980
1716469056366179203,2232,2225,2844,2803,2761,2725,2881
1716469056381355953,2261,2263,2853,2857,2853,2907,3210
1716469056396165496,2249,2249,2822,2787,2720,2708,2903
1716469056411143772,2259,2268,2845,2847,2832,2882,2923
1716469056426499147,2216,2215,2853,2786,2734,2721,2912
1716469056441136281,2267,2255,2854,2857,2831,2741,2901
1716469056456364232,2240,2228,2854,2790,2755,2733,2972
1716469056471175134,2265,2266,2839,2804,2734,2737,2910
1716469056486191721,2220,2228,2767,2802,2756,2732,2973
1716469056501300245,2261,2245,2850,2788,2753,2704,2906
1716469056516230134,2245,2252,2849,2820,2756,2776,3268
1716469056531234709,2241,2205,2857,2801,2734,2713,2893
1716469056546214040,2222,2231,2845,2800,2757,2872,3140
1716469056561442196,2248,2240,2850,2840,2757,2739,2901
1716469056576461346,2223,2217,2856,2802,2854,2746,2933
1716469056591571661,2264,2256,2845,2842,2764,2747,2925
1716469056606191792,2232,2233,2854,2821,2843,2907,3225
1716469056621178095,2227,2233,2857,2798,2739,2702,2875
1716469056637174532,2267,2259,2846,2803,2754,2742,2928
1716469056652141699,2227,2221,2871,2859,2853,2758,2946
1716469056668513649,2228,2234,2825,2787,2737,2730,2928
1716469056683162127,2219,2203,2855,2828,2762,2736,2901
1716469056698242405,2221,2242,2861,2822,2780,2763,2955
1716469056713261991,2251,2250,2821,2817,2753,2743,2965
1716469056728244176,2269,2253,2854,2791,2706,2670,2821
1716469056743541735,2225,2215,2837,2783,2757,2871,3200
1716469056758183424,2285,2246,2852,2792,2735,2715,2897
1716469056773201047,2227,2218,2846,2800,2840,2898,3221
1716469056788115419,2263,2256,2832,2799,2742,2737,2890
1716469056803159127,2234,2242,2869,2869,2844,2882,3149
1716469056818201136,2259,2258,2850,2810,2727,2713,2915
1716469056833389351,2228,2244,2848,2848,2841,2880,2933
1716469056848368231,2274,2260,2855,2801,2754,2744,2925
1716469056863174678,2251,2240,2823,2778,2704,2701,2823
1716469056878191502,2228,2217,2862,2790,2718,2716,2967
1716469056893506995,2228,2197,2856,2848,2747,2717,2934
1716469056908150740,2230,2219,2850,2801,2736,2730,2991
1716469056923154895,2251,2254,2844,2802,2733,2708,2907
1716469056938251933,2218,2207,2848,2795,2733,2717,3172
1716469056953255740,2240,2253,2857,2828,2809,2865,2890
1716469056968978896,2250,2247,2825,2776,2715,2689,2894
1716469056983258277,2217,2224,2862,2844,2824,2728,2894
1716469056998656128,2260,2253,2822,2795,2733,2699,2892
1716469057013131669,2265,2259,2823,2837,2735,2704,2894
1716469057028733452,2231,2221,2855,2793,2738,2722,2977
1716469057043154738,2271,2268,2857,2804,2735,2678,2838
1716469057058218980,2240,2231,2838,2798,2733,2713,3207
1716469057073526109,2255,2241,2856,2789,2712,2676,2817
1716469057088391767,2249,2244,2831,2810,2764,2909,3226
1716469057103421662,2287,2248,2848,2805,2724,2707,2901
1716469057118181151,2245,2230,2843,2837,2872,2914,3228
1716469057133136286,2273,2253,2847,2807,2745,2745,2918
1716469057148135961,2231,2231,2853,2805,2757,2885,3120
1716469057163711783,2263,2257,2833,2817,2768,2760,3001
1716469057178141354,2254,2254,2820,2796,2843,2862,2909
1716469057193438201,2249,2236,2851,2780,2731,2705,2918
1716469057208449599,2227,2220,2836,2796,2852,2744,2947
1716469057223195460,2252,2242,2849,2792,2764,2728,2924
1716469057238201358,2262,2282,2848,2793,2842,2906,3241
1716469057253177570,2217,2219,2858,2800,2723,2692,2852
1716469057268145642,2256,2254,2841,2832,2826,2863,2883
1716469057283189352,2232,2240,2840,2799,2761,2732,2932
1716469057298212312,2213,2228,2849,2846,2831,2861,2903
1716469057313811890,2225,2226,2858,2783,2721,2703,2925
1716469057328423027,2257,2252,2849,2839,2835,2727,2893
1716469057343584070,2247,2229,2820,2785,2757,2734,2967
1716469057358170289,2259,2252,2853,2800,2731,2723,2911
1716469057373390149,2231,2224,2848,2799,2737,2712,2951
1716469057388166010,2278,2283,2870,2803,2731,2709,2874
1716469057403447638,2233,2229,2852,2804,2759,2730,3210
1716469057418186774,2232,2181,2827,2796,2731,2716,3231
1716469057433339834,2243,2243,2841,2785,2741,2852,3114
1716469057448201223,2256,2235,2846,2800,2729,2717,2926
1716469057463318721,2247,2249,2852,2795,2821,2860,2936
1716469057478238069,2283,2252,2825,2843,2724,2729,2902
1716469057493367398,2227,2213,2853,2793,2727,2729,3236
1716469057508197342,2227,2221,2867,2795,2731,2726,2849
1716469057523199405,2274,2258,2824,2784,2745,2717,3218
1716469057538173694,2228,2229,2857,2793,2740,2689,2835
1716469057553469509,2242,2231,2852,2793,2748,2863,3188
1716469057568120832,2244,2228,2847,2792,2753,2755,2939
1716469057583165960,2201,2227,2834,2820,2840,2886,3195
1716469057598532330,2253,2248,2852,2810,2760,2766,2940
1716469057613157248,2226,2208,2875,2842,2828,2861,3166
1716469057628492490,2277,2257,2842,2796,2716,2698,2917
1716469057643322914,2249,2230,2848,2800,2727,2688,2830
1716469057658395197,2289,2217,2868,2779,2745,2735,2901
1716469057673192520,2257,2263,2825,2850,2836,2752,2939
1716469057688288434,2214,2162,2855,2802,2737,2719,2952
1716469057703327598,2229,2228,2844,2856,2761,2729,2925
1716469057718418523,2213,2205,2860,2816,2739,2697,2869
1716469057733205476,2230,2211,2881,2863,2864,2766,2945
1716469057748809375,2241,2234,2838,2824,2760,2765,2974
1716469057763652186,2208,2223,2847,2817,2753,2705,2865
1716469057778352263,2235,2246,2839,2775,2711,2695,2890
1716469057793130506,2245,2230,2848,2861,2828,2765,2947
1716469057808199658,2219,2225,2852,2775,2728,2720,3246
1716469057823231749,2222,2212,2857,2840,2746,2719,2901
1716469057838196711,2262,2307,2822,2803,2746,2734,2963
1716469057853186483,2265,2226,2849,2784,2724,2696,2874
1716469057868192193,2194,2224,2841,2810,2752,2731,3229
1716469057883264649,2249,2240,2819,2784,2726,2681,2844
1716469057898251450,2243,2244,2847,2793,2733,2846,3148
1716469057913232979,2160,2260,2830,2873,2837,2747,2921
1716469057928147463,2246,2247,2844,2793,2753,2754,2915
1716469057943189842,2252,2270,2848,2811,2737,2730,2934
1716469057958203212,2227,2227,2851,2876,2849,2895,3208
1716469057973178174,2218,2213,2875,2825,2768,2740,2897
1716469057988134401,2280,2246,2822,2846,2833,2853,2903
1716469058003279542,2261,2227,2826,2804,2781,2735,2885
1716469058018247389,2219,2215,2852,2777,2752,2882,2917
1716469058033247365,2218,2218,2854,2799,2755,2745,2962
1716469058048206398,2222,2182,2830,2813,2833,2902,3219
1716469058209531151,2222,2182,2830,2813,2833,2902,3219
1716469058224185471,2222,2201,2849,2800,2762,2767,2938
1716469058240248020,2245,2254,2841,2799,2732,2697,2884
1716469058255113616,2283,2277,2807,2845,2834,2741,2925
1716469058270532929,2211,2212,2861,2798,2759,2726,2858
1716469058285122315,2255,2243,2825,2844,2745,2707,2912
1716469058300808106,2220,2212,2836,2784,2727,2704,2961
1716469058315469347,2272,2273,2848,2770,2720,2680,2797
1716469058330154395,2256,2236,2809,2782,2728,2709,3215
1716469058345162679,2214,2231,2808,2773,2709,2706,2863
1716469058360168703,2212,2201,2843,2780,2731,2853,3184
1716469058375199606,2219,2250,2817,2769,2712,2695,2873
1716469058390488113,2242,2231,2834,2795,2822,2859,3181
1716469058405171491,2306,2294,2790,2821,2744,2715,2920
1716469058420138897,2222,2219,2845,2847,2816,2863,3156
1716469058435170010,2271,2271,2808,2799,2731,2716,2927
1716469058450149094,2250,2246,2809,2768,2713,2682,2801
1716469058465197886,2263,2228,2820,2783,2708,2708,2905
1716469058480123584,2244,2229,2802,2748,2705,2677,2925
1716469058496589260,2262,2263,2784,2769,2712,2693,2849
1716469058511221611,2260,2244,2821,2777,2727,2719,2905
1716469058526483405,2269,2274,2827,2821,2807,2714,2922
1716469058541357315,2228,2232,2824,2774,2731,2698,2919
1716469058556429959,2268,2266,2817,2822,2736,2731,2918
1716469058571185046,2247,2230,2834,2776,2719,2690,2831
1716469058586414106,2248,2241,2838,2780,2727,2699,2884
1716469058601395464,2254,2254,2779,2762,2732,2721,3223
1716469058616380584,2258,2255,2810,2811,2797,2848,2896
1716469058631495556,2234,2221,2809,2758,2731,2865,3202
1716469058646722477,2252,2262,2785,2756,2708,2675,2816
1716469058661333921,2253,2240,2791,2785,2818,2859,3195
1716469058676399448,2240,2230,2803,2766,2713,2708,2894
1716469058837300017,2240,2230,2803,2766,2713,2708,2894
1716469058852447003,2260,2264,2803,2767,2809,2858,3196
1716469058867272493,2240,2261,2795,2826,2743,2692,2870
1716469058882397967,2224,2222,2805,2812,2795,2847,3154
1716469058897691079,2220,2226,2794,2752,2708,2681,2853
1716469058912177029,2247,2245,2795,2772,2723,2723,2892
1716469058927697071,2245,2225,2804,2733,2667,2642,2887
1716469058942496415,2246,2241,2790,2738,2719,2850,3155
1716469058957787828,2273,2255,2787,2752,2708,2705,2909
1716469058972182408,2233,2242,2798,2765,2793,2839,3157
1716469058987111572,2212,2211,2800,2755,2717,2697,2883
1716469059002213482,2232,2240,2793,2766,2714,2697,2851
1716469059017249840,2247,2240,2778,2757,2703,2694,2908
1716469059032455097,2246,2261,2790,2794,2789,2832,2888
1716469059047344423,2252,2249,2767,2728,2684,2665,2849
1716469059062365132,2285,2264,2763,2784,2780,2703,2903
1716469059077401113,2247,2213,2798,2753,2709,2673,2874
1716469059092431655,2246,2234,2782,2765,2816,2711,2915
1716469059107207276,2229,2222,2797,2752,2722,2696,2945
1716469059122426302,2262,2267,2831,2766,2719,2701,2855
1716469059137198214,2235,2225,2805,2757,2702,2703,3201
1716469059152399987,2276,2279,2763,2778,2791,2688,2862
1716469059167700424,2232,2232,2777,2734,2700,2861,3196
1716469059182235250,2249,2242,2778,2777,2768,2678,2853
1716469059197184664,2255,2254,2773,2732,2701,2682,3173
1716469059212584402,2263,2230,2804,2788,2690,2690,2903
1716469059227473650,2229,2220,2800,2770,2720,2708,3157
1716469059242483950,2242,2245,2800,2762,2714,2695,2883
1716469059257483465,2240,2226,2809,2756,2693,2662,3101
1716469059272307265,2235,2208,2709,2723,2669,2650,2825
1716469059287196876,2233,2234,2801,2739,2684,2678,2847
1716469059302852438,2230,2230,2796,2758,2705,2696,2895
1716469059317512870,2244,2245,2776,2741,2811,2854,3189
1716469059332157500,2220,2224,2796,2753,2717,2705,2874
1716469059347574972,2254,2260,2765,2823,2793,2847,3167
1716469059362125855,2213,2221,2766,2719,2672,2645,2802
1716469059377299899,2234,2215,2809,2783,2767,2805,2844
1716469059393412530,2254,2255,2795,2762,2693,2671,2869
1716469059408198119,2257,2272,2793,2757,2702,2697,2951
1716469059423173702,2264,2274,2772,2800,2679,2643,2801
1716469059438269838,2267,2269,2785,2741,2717,2855,3180
1716469059453234385,2247,2234,2791,2797,2803,2713,2903
1716469059468450114,2240,2222,2807,2739,2693,2688,2930
1716469059483441029,2247,2251,2769,2792,2713,2695,2873
1716469059498508943,2268,2276,2780,2757,2724,2712,2952
1716469059513152542,2178,2256,2792,2764,2712,2697,2860
1716469059528129879,2289,2283,2783,2757,2697,2709,2866
1716469059543180682,2247,2207,2803,2761,2704,2684,2851
1716469059558220293,2264,2258,2792,2765,2725,2854,3151
1716469059573192863,2266,2127,2817,2767,2722,2707,2900
1716469059588176601,2227,2253,2778,2735,2704,2693,2855
1716469059603200669,2222,2217,2806,2747,2705,2696,2881
1716469059618268541,2225,2223,2825,2810,2789,2833,3153
1716469059633224017,2251,2260,2770,2745,2689,2674,2817
1716469059648533327,2260,2253,2768,2803,2780,2820,2850
1716469059663153069,2263,2226,2811,2752,2700,2694,2849
1716469059678232244,2273,2259,2810,2798,2784,2713,2892
1716469059693157981,2244,2249,2805,2745,2700,2679,2856
1716469059708223648,2235,2241,2798,2761,2742,2709,2888
1716469059723163407,2262,2267,2786,2763,2714,2702,2964
1716469059738278289,2274,2255,2802,2804,2793,2693,2867
1716469059753174376,2258,2193,2809,2755,2708,2690,3200
1716469059768703405,2214,2202,2809,2783,2765,2789,2800
1716469059783196458,2208,2216,2812,2739,2698,2675,3188
1716469059798154831,2217,2222,2807,2805,2696,2679,2896
1716469059813339576,2248,2244,2788,2736,2698,2681,2902
1716469059828146041,2249,2246,2799,2802,2712,2699,2871
1716469059843175652,2244,2252,2806,2765,2733,2706,2911
1716469060004597742,2244,2252,2806,2765,2733,2706,2911
1716469060019463061,2262,2256,2779,2769,2727,2709,2896
1716469060034405699,2245,2252,2798,2777,2729,2731,2973
1716469060049144856,2284,2270,2799,2766,2724,2701,2891
1716469060065831506,2253,2245,2776,2773,2711,2703,3178
1716469060080232520,2251,2244,2817,2818,2816,2861,3160
1716469060096809741,2270,2256,2779,2804,2721,2699,2880
1716469060111466685,2223,2196,2824,2778,2732,2718,2969
1716469060126276613,2260,2258,2811,2758,2711,2692,2860
1716469060141233998,2231,2231,2783,2769,2727,2721,3227
1716469060156574552,2282,2246,2822,2757,2692,2679,2863
1716469060171617177,2269,2266,2800,2769,2735,2881,3174
1716469060186450919,2260,2235,2781,2801,2722,2713,2913
1716469060201721337,2248,2259,2820,2772,2713,2696,2902
1716469060216571735,2252,2256,2820,2816,2734,2730,2928
1716469060231300245,2229,2228,2818,2836,2729,2706,2893
1716469060246162387,2278,2266,2799,2776,2717,2708,2901
1716469060261237568,2264,2252,2786,2762,2722,2715,3221
1716469060276183935,2231,2204,2823,2787,2720,2690,2859
1716469060291237727,2234,2233,2810,2772,2733,2870,3203
1716469060306238299,2261,2274,2803,2761,2708,2681,2816
1716469060321159356,2258,2269,2774,2793,2820,2874,3201
1716469060336185768,2241,2235,2821,2773,2717,2709,2899
1716469060351175474,2247,2250,2839,2834,2824,2875,3164
1716469060366180314,2218,2219,2830,2769,2718,2707,2919
1716469060381203371,2255,2252,2812,2810,2794,2838,2886
1716469060396147259,2257,2230,2819,2765,2714,2705,2912
1716469060411179432,2219,2218,2812,2765,2733,2844,3125
1716469060426162222,2242,2223,2819,2759,2721,2706,2949
1716469060441410612,2222,2208,2818,2781,2736,2721,2922
1716469060456239111,2264,2255,2794,2770,2739,2714,2956
1716469060471260282,2227,2228,2834,2840,2821,2709,2888
1716469060486223094,2229,2216,2810,2758,2719,2701,3126
1716469060501899787,2281,2269,2794,2810,2799,2840,2849
1716469060516284632,2249,2241,2777,2743,2694,2691,2925
1716469060531712975,2269,2254,2788,2817,2805,2708,2880
1716469060546669195,2250,2258,2773,2737,2697,2683,2930
1716469060561230567,2247,2252,2809,2836,2738,2708,2882
1716469060576177938,2231,2248,2803,2781,2733,2712,2965
1716469060591199429,2253,2255,2821,2780,2715,2692,2859
1716469060606579839,2248,2252,2778,2773,2727,2718,3216
1716469060621609433,2276,2126,2799,2715,2681,2656,2835
1716469060636182810,2306,2280,2782,2756,2739,2865,3187
1716469060651157080,2233,2256,2780,2700,2698,2700,2895
1716469060666181661,2251,2232,2805,2775,2805,2854,3165
1716469060681472310,2218,2215,2811,2799,2716,2714,2921
1716469060696750312,2243,2234,2810,2784,2720,2661,2824
1716469060711189864,2277,2229,2808,2761,2722,2718,2927
1716469060726201407,2219,2226,2817,2769,2724,2858,2907
1716469060741173964,2250,2223,2808,2764,2719,2691,2864
1716469060756457354,2228,2225,2821,2758,2720,2866,2916
1716469060771146400,2260,2247,2812,2764,2733,2707,2891
1716469060786213906,2223,2222,2818,2778,2811,2855,3207
1716469060801213930,2262,2250,2780,2756,2721,2682,2834
1716469060816185251,2226,2221,2837,2822,2811,2856,3154
1716469060831537064,2245,2200,2788,2755,2707,2711,3215
1716469060846285768,2254,2253,2777,2794,2779,2828,2880
1716469060861256978,2230,2232,2809,2760,2702,2693,2890
1716469060876409736,2227,2226,2802,2803,2789,2690,2845
1716469060891249682,2257,2261,2779,2737,2701,2690,2938
1716469060906304083,2220,2279,2781,2760,2711,2701,2893
1716469060921182391,2224,2119,2816,2771,2729,2722,2946
1716469060936222900,2204,2202,2792,2771,2721,2690,2875
1716469060951194167,2276,2268,2777,2778,2730,2709,3172
1716469060966151506,2215,2243,2801,2818,2720,2698,2881
1716469060981211587,2195,2226,2807,2759,2722,2696,2847
1716469060996149646,2261,2258,2785,2804,2804,2710,2895
1716469061011279203,2226,2225,2798,2740,2691,2678,3197
1716469061026208388,2243,2229,2816,2819,2727,2717,2875
1716469061041249030,2241,2222,2800,2769,2711,2709,3177
1716469061056096306,2281,2241,2792,2754,2710,2678,2828
1716469061072251895,2253,2247,2807,2769,2716,2705,2882
1716469061087257764,2252,2249,2829,2823,2828,2692,2883
1716469061102255864,2255,2256,2799,2756,2719,2681,2885
1716469061117227384,2210,2215,2810,2801,2797,2836,2888
1716469061132292951,2253,2254,2799,2741,2675,2669,2865
1716469061147238852,2250,2256,2796,2813,2803,2689,2871
1716469061162290789,2252,2227,2771,2740,2696,2694,2944
1716469061177275991,2253,2242,2775,2797,2706,2695,2847
1716469061192279214,2224,2257,2781,2761,2723,2708,2925
1716469061207210280,2249,2264,2807,2759,2704,2681,2850
1716469061222211185,2211,2225,2797,2767,2724,2720,3230
1716469061237246656,2234,2264,2798,2767,2700,2676,2848
1716469061252542912,2277,2218,2808,2738,2713,2841,3150
1716469061267483883,2231,2223,2806,2811,2719,2703,2908
1716469061282583330,2228,2232,2803,2747,2702,2674,2852
1716469061297482701,2254,2252,2784,2801,2728,2718,2923
1716469061313846762,2249,2253,2802,2829,2807,2853,3167
1716469061327197662,2228,2225,2821,2771,2716,2703,2863
1716469061342379377,2233,2236,2801,2765,2714,2715,2889
1716469061357228835,2253,2233,2816,2739,2688,2673,2834
1716469061372173958,2215,2222,2796,2766,2735,2862,2919
1716469061387243076,2245,2130,2802,2754,2706,2673,2819
1716469061402198245,2225,2240,2800,2769,2821,2870,3197
1716469061417496727,2257,2257,2777,2738,2683,2692,2908
1716469061432459515,2281,2264,2780,2836,2817,2863,3157
1716469061447691636,2261,2249,2778,2754,2715,2694,2897
1716469061462453277,2215,2241,2802,2791,2775,2816,2807
1716469061477550066,2245,2261,2771,2744,2679,2667,2863
1716469061492145160,2253,2254,2803,2757,2712,2702,2885
1716469061507156618,2259,2250,2803,2740,2695,2698,2935
1716469061522167852,2248,2262,2803,2804,2725,2718,2915
1716469061537452086,2217,2215,2805,2761,2717,2682,2897
1716469061552162766,2220,2220,2829,2810,2721,2702,2900
1716469061567163024,2271,2268,2757,2760,2698,2669,2832
1716469061582171198,2209,2224,2804,2804,2713,2684,2844
1716469061597318958,2228,2230,2809,2746,2728,2858,3193
1716469061612357074,2243,2246,2830,2809,2794,2712,2893
1716469061627518532,2271,2246,2769,2736,2700,2681,2928
1716469061642560488,2228,2230,2803,2809,2721,2699,2859
1716469061657170287,2223,2210,2784,2765,2726,2712,2948
1716469061672173365,2260,2260,2799,2771,2715,2693,2853
1716469061687711020,2259,2249,2778,2763,2731,2719,3218
1716469061702531980,2275,2246,2780,2742,2664,2639,2839
1716469061717526163,2248,2249,2802,2752,2725,2849,3158
1716469061732535781,2249,2252,2797,2754,2720,2702,2905
1716469061747655251,2256,2229,2772,2771,2797,2832,3119
1716469061762604565,2262,2219,2798,2766,2713,2708,2900
1716469061777462910,2249,2242,2803,2761,2720,2705,2888
1716469061793567348,2272,2256,2787,2762,2719,2715,2908
1716469061808555627,2270,2218,2790,2737,2698,2705,2970
1716469061823571195,2277,2326,2828,2764,2707,2688,2884
1716469061838510506,2227,2220,2765,2731,2660,2653,3117
1716469061853520124,2247,2253,2790,2790,2713,2690,2883
1716469061868529745,2256,2256,2785,2758,2705,2690,2864
1716469061883414554,2233,2232,2806,2812,2789,2711,2893
1716469061898312972,2250,2243,2776,2734,2703,2869,3181
1716469061913733955,2225,2240,2809,2794,2724,2699,2880
1716469061928447562,2242,2241,2797,2775,2713,2703,2949
1716469061943171563,2233,2213,2817,2774,2721,2683,2822
1716469061958213245,2260,2126,2773,2766,2698,2697,3194
1716469061973375736,2221,2189,2801,2726,2663,2629,2807
1716469061988240831,2285,2277,2771,2740,2709,2852,3182
1716469062003241627,2226,2218,2798,2741,2691,2689,2893
1716469062018221711,2228,2222,2804,2723,2789,2834,3169
1716469062033228916,2253,2265,2754,2746,2703,2688,2884
1716469062048251183,2264,2254,2793,2809,2793,2819,3070
1716469062063486991,2229,2233,2804,2777,2733,2717,2921
1716469062078567774,2246,2264,2792,2733,2669,2638,2826
1716469062093257913,2229,2209,2783,2740,2673,2659,2862
1716469062108376651,2258,2250,2800,2779,2793,2699,2907
1716469062123860954,2252,2268,2793,2745,2678,2664,2838
1716469062138462236,2271,2280,2787,2753,2733,2707,2938
1716469062153672014,2265,2250,2777,2743,2675,2672,2809
1716469062168186310,2220,2218,2825,2822,2816,2863,2861
1716469062183435778,2248,2246,2784,2765,2704,2677,3222
1716469062198389896,2240,2245,2808,2809,2807,2853,2848
1716469062213173803,2242,2231,2791,2733,2677,2870,3192
1716469062228209545,2258,2248,2800,2799,2800,2678,2806
1716469062243236570,2227,2220,2808,2745,2704,2691,2932
1716469062258194888,2230,2213,2816,2780,2705,2701,2858
1716469062273223973,2255,2257,2778,2748,2692,2698,2929
1716469062288215716,2232,2243,2825,2773,2725,2682,2862
1716469062303223199,2234,2230,2809,2744,2704,2693,3202
1716469062318537091,2265,2244,2807,2742,2709,2673,2859
1716469062333482040,2234,2248,2771,2736,2698,2821,3092
1716469062348573854,2275,2263,2817,2760,2704,2709,2870
1716469062363496934,2218,2205,2809,2740,2718,2696,2899
1716469062378630608,2279,2274,2777,2802,2721,2721,2903
1716469062393537434,2250,2234,2836,2824,2828,2865,3166
1716469062408337081,2250,2249,2770,2756,2717,2700,2919
1716469062423242897,2223,2207,2809,2809,2788,2834,2892
1716469062439216664,2250,2247,2832,2824,2809,2706,2898
1716469062454232646,2231,2234,2808,2763,2709,2659,2844
1716469062469271385,2222,2247,2801,2810,2712,2674,2821
1716469062484391939,2243,2262,2798,2799,2790,2829,2852
1716469062499437228,2240,2244,2802,2785,2731,2709,2890
1716469062514938661,2258,2245,2771,2742,2807,2864,3177
1716469062530059450,2260,2255,2801,2818,2731,2701,2869
1716469062544383214,2235,2232,2803,2780,2719,2719,3172
1716469062560508994,2208,2209,2811,2764,2705,2680,2846
1716469062575558486,2261,2253,2801,2767,2716,2712,2887
1716469062590652373,2202,2211,2837,2820,2803,2857,3145
1716469062605560946,2263,2274,2816,2771,2705,2690,2905
1716469062620436394,2253,2253,2777,2794,2797,2816,2872
1716469062635173580,2233,2223,2825,2762,2705,2675,2860
1716469062650156821,2244,2241,2804,2801,2778,2678,2799
1716469062665178455,2244,2242,2807,2759,2735,2701,2950
1716469062680129776,2211,2212,2781,2801,2709,2696,2910
1716469062696419219,2280,2250,2783,2752,2718,2703,2898
1716469062711227423,2275,2249,2781,2793,2825,2880,3201
1716469062726234042,2228,2255,2807,2768,2726,2707,2907
1716469062741204319,2259,2274,2843,2824,2804,2870,3141
1716469062756251500,2278,2275,2790,2783,2721,2707,2921
1716469062771201947,2265,2265,2807,2773,2722,2692,2848
1716469062786189196,2287,2254,2800,2768,2724,2699,2888
1716469062801506927,2216,2227,2819,2758,2715,2714,2914
1716469062816542503,2306,2262,2788,2765,2709,2682,2898
1716469062831502027,2207,2198,2822,2772,2806,2713,2926
1716469062846875079,2225,2231,2823,2839,2738,2714,2827
1716469062861557913,2212,2222,2845,2836,2820,2875,3187
1716469062876319952,2234,2224,2823,2783,2719,2702,2890
1716469062891170390,2215,2221,2818,2829,2811,2843,2881
1716469062906463124,2235,2227,2809,2762,2713,2693,2890
1716469062921181825,2247,2246,2822,2823,2822,2734,2903
1716469062936617396,2215,2200,2823,2764,2713,2711,2956
1716469062951623545,2275,2252,2797,2770,2717,2685,2842
1716469062967395392,2219,2206,2824,2777,2724,2711,2957
1716469062981180025,2242,2243,2811,2770,2722,2694,2880
1716469062996406841,2216,2213,2822,2786,2731,2719,3209
1716469063011245333,2230,2235,2816,2767,2718,2683,2866
1716469063026247763,2254,2253,2795,2775,2738,2847,3154
1716469063042464996,2272,2257,2827,2824,2807,2846,2866
1716469063057218982,2264,2233,2805,2761,2707,2695,2911
1716469063072179296,2276,2274,2776,2758,2723,2693,2873
1716469063087404596,2281,2257,2786,2758,2735,2697,2933
1716469063102681176,2259,2261,2807,2780,2730,2721,2924
1716469063117476606,2256,2250,2785,2759,2719,2715,2933
1716469063132485199,2240,2228,2841,2836,2820,2869,2900
1716469063147542163,2266,2165,2779,2715,2711,2684,2803
1716469063162680574,2231,2259,2811,2821,2805,2853,2863
1716469063177543604,2231,2229,2808,2753,2700,2683,2832
1716469063192600411,2249,2236,2807,2825,2811,2703,2895
1716469063207840848,2208,2243,2806,2759,2725,2713,2977
1716469063222509606,2258,2236,2819,2832,2734,2713,2901
1716469063237567088,2256,2276,2836,2776,2722,2711,2961
1716469063252169228,2254,2241,2816,2770,2720,2689,2849
1716469063267400072,2217,2236,2807,2783,2729,2730,3230
1716469063282221980,2243,2229,2816,2765,2716,2676,2851
1716469063297916638,2274,2252,2823,2774,2733,2874,3177
1716469063312524790,2247,2286,2807,2764,2716,2715,2912
1716469063327563343,2263,2255,2786,2746,2693,2682,2904
1716469063342614140,2217,2212,2809,2773,2741,2720,2924
1716469063357680285,2224,2217,2808,2773,2728,2700,2864
1716469063373273130,2255,2297,2820,2779,2720,2718,2934
1716469063387644773,2265,2245,2785,2773,2721,2707,2913
1716469063403044467,2213,2194,2820,2773,2714,2693,2853
1716469063417601141,2256,2267,2772,2748,2717,2853,3188
1716469063432873871,2234,2213,2720,2745,2702,2681,2825
1716469063448002734,2205,2204,2809,2779,2809,2866,3201
1716469063462153036,2246,2253,2792,2761,2711,2696,2858
1716469063477209855,2241,2247,2835,2837,2810,2860,3142
1716469063492530516,2233,2233,2816,2782,2728,2710,2912
1716469063508534509,2242,2248,2811,2773,2724,2709,2969
1716469063523531769,2232,2227,2825,2774,2714,2699,2857
1716469063538692274,2207,2208,2822,2773,2717,2713,3228
1716469063553610398,2250,2220,2818,2774,2706,2670,2803
1716469063568671560,2254,2260,2786,2753,2754,2889,3220
1716469063583518700,2242,2254,2822,2774,2714,2715,2911
1716469063598689984,2219,2243,2816,2784,2839,2874,3191
1716469063613538642,2225,2222,2810,2773,2728,2719,2908
1716469063628620376,2227,2222,2841,2820,2817,2867,3136
1716469063643279214,2240,2229,2811,2777,2734,2717,2907
1716469063658621282,2234,2229,2797,2769,2700,2696,2828
1716469063673645195,2241,2236,2806,2755,2677,2657,2887
1716469063688678447,2218,2214,2819,2756,2717,2706,2911
1716469063703661638,2265,2180,2803,2755,2689,2680,2849
1716469063718861218,2235,2235,2781,2785,2804,2859,2909
1716469063733678907,2213,2223,2803,2757,2693,2682,2821
1716469063749507519,2242,2241,2806,2825,2802,2837,3128
1716469063763485742,2223,2221,2796,2767,2696,2677,3214
1716469063778924334,2252,2264,2788,2810,2793,2825,2853
1716469063793666989,2250,2248,2778,2716,2702,2693,2899
1716469063808632739,2228,2221,2816,2743,2715,2844,2887
1716469063823297644,2211,2213,2802,2761,2721,2700,2947
1716469063838427953,2232,2307,2807,2745,2710,2684,2824
1716469063853222122,2230,2227,2816,2762,2734,2713,2951
1716469063868515613,2214,2211,2825,2771,2719,2706,2880
1716469063883502017,2235,2219,2806,2765,2752,2739,3228
1716469063898763137,2222,2229,2714,2783,2721,2681,2865
1716469063914033215,2214,2220,2817,2775,2741,2848,3145
1716469063928694682,2231,2209,2808,2762,2710,2693,2875
1716469063943583659,2210,2201,2818,2764,2717,2701,2889
1716469063958232420,2216,2219,2812,2817,2737,2711,2926
1716469063973248526,2250,2257,2785,2757,2712,2674,2880
1716469063988467493,2216,2221,2830,2770,2723,2723,2852
1716469064003174238,2206,2075,2825,2776,2701,2701,3186
1716469064018230534,2250,2242,2781,2797,2801,2827,2866
1716469064033240680,2254,2241,2788,2761,2730,2850,3174
1716469064048203219,2192,2207,2795,2761,2710,2700,2833
1716469064063363079,2249,2202,2789,2770,2816,2853,3149
1716469064078319526,2265,2243,2778,2746,2689,2693,2902
1716469064093689252,2221,2229,2839,2835,2825,2869,3168
1716469064108975929,2228,2225,2816,2781,2714,2700,2891
1716469064269606524,2228,2225,2816,2781,2714,2700,2891
1716469064284681966,2246,2241,2793,2772,2745,2744,2976
1716469064299281828,2240,2247,2816,2771,2733,2716,2901
1716469064315850632,2240,2248,2799,2771,2711,2689,2889
1716469064330860496,2205,2201,2797,2776,2721,2703,2847
1716469064345571518,2249,2235,2818,2782,2736,2732,3222
1716469064361230052,2224,2249,2806,2825,2819,2703,2833
1716469064375631595,2188,2221,2799,2766,2755,2890,3210
1716469064390370950,2221,2229,2818,2777,2722,2705,2873
1716469064405542281,2241,2225,2824,2770,2731,2708,2947
1716469064420277675,2264,2252,2783,2816,2734,2713,2921
1716469064435456490,2228,2146,2810,2769,2732,2715,2964
1716469064450177406,2219,2233,2848,2760,2719,2689,2876
1716469064465275384,2244,2267,2811,2766,2716,2671,3094
1716469064480213713,2207,2184,2818,2759,2683,2656,2819
1716469064495439956,2240,2251,2810,2768,2716,2682,2886
1716469064510209248,2246,2231,2817,2767,2710,2717,2872
1716469064525234236,2236,2218,2810,2775,2809,2862,3187
1716469064540158416,2265,2267,2769,2774,2703,2682,2843
1716469064555197563,2209,2198,2816,2825,2802,2853,3162
1716469064570573053,2233,2231,2807,2767,2702,2682,2837
1716469064585553376,2241,2223,2816,2821,2826,2834,2884
1716469064600173322,2248,2243,2807,2770,2712,2695,2882
1716469064615395217,2205,2216,2808,2760,2746,2752,2921
1716469064630863328,2232,2194,2809,2745,2684,2652,2934
1716469064646053791,2241,2232,2780,2765,2789,2709,2850
1716469064660158942,2254,2085,2790,2737,2681,2673,2873
1716469064675225103,2216,2201,2823,2763,2696,2661,2792
1716469064690191447,2256,2184,2795,2747,2688,2695,2903
1716469064705270402,2224,2241,2788,2800,2779,2811,2859
1716469064720769762,2219,2228,2821,2767,2694,2671,2862
1716469064735592864,2256,2264,2785,2797,2805,2699,2892
1716469064750292968,2249,2241,2784,2748,2699,2675,2890
1716469064765184605,2226,2225,2809,2801,2703,2713,2916
1716469064780568182,2222,2251,2786,2759,2706,2678,2860
1716469064796186654,2230,2229,2808,2759,2725,2715,2905
1716469064811571168,2254,2251,2797,2765,2725,2710,2895
1716469064826474667,2196,2194,2837,2820,2806,2855,3173
1716469064841184629,2231,2236,2836,2791,2730,2693,2849
1716469064856211590,2225,2231,2807,2806,2795,2842,2880
1716469064871322650,2229,2197,2824,2759,2681,2665,2845
1716469064886272912,2220,2228,2807,2825,2809,2702,2896
1716469064901253687,2210,2210,2807,2738,2705,2705,2938
1716469064916579379,2211,2198,2804,2787,2753,2721,2901
1716469064931658812,2245,2225,2784,2743,2723,2714,2944
1716469064946683769,2242,2243,2801,2804,2788,2827,2842
1716469064961585936,2213,2204,2824,2780,2725,2721,3231
1716469064976610861,2225,2217,2816,2767,2712,2675,2835
1716469064991640807,2242,2234,2785,2759,2705,2699,2894
1716469065006651258,2255,2251,2817,2838,2819,2727,2926
1716469065021316806,2244,2233,2781,2756,2717,2693,2920
1716469065036271346,2274,2268,2793,2806,2722,2709,2927
1716469065051225977,2206,2205,2817,2738,2705,2704,2899
1716469065066274998,2263,2252,2793,2762,2724,2696,2886
1716469065081768806,2221,2233,2813,2775,2718,2689,2882
1716469065096935132,2241,2205,2816,2765,2710,2684,2845
1716469065111273105,2257,2210,2823,2773,2731,2865,3197
1716469065126302369,2253,2225,2811,2778,2723,2703,2880
1716469065141640859,2218,2229,2820,2796,2824,2870,3201
1716469065156614744,2222,2218,2810,2806,2711,2707,2903
1716469065171580496,2216,2228,2827,2787,2737,2870,3155
1716469065186652402,2219,2224,2810,2763,2730,2707,2917
1716469065201701353,2242,2244,2779,2769,2731,2872,2924
1716469065216718561,2226,2225,2816,2774,2720,2682,2908
1716469065231189099,2210,2155,2808,2742,2787,2672,2831
1716469065247272335,2258,2234,2792,2762,2718,2707,2949
1716469065261241900,2249,2245,2791,2743,2694,2677,2839
1716469065276319019,2250,2247,2785,2788,2720,2722,2916
1716469065291595649,2229,2230,2826,2826,2830,2865,3176
1716469065306227523,2249,2250,2784,2777,2719,2710,2881
1716469065321453246,2224,2214,2817,2816,2825,2864,2912
1716469065336207434,2199,2204,2811,2764,2710,2698,2853
1716469065351237201,2227,2249,2780,2817,2801,2714,2917
1716469065367114339,2217,2219,2817,2774,2703,2690,2871
1716469065381283127,2208,2209,2822,2821,2738,2721,2917
1716469065396690758,2222,2214,2805,2769,2728,2702,2961
1716469065411553771,2222,2246,2829,2775,2714,2695,2847
1716469065426242695,2231,2231,2816,2783,2745,2727,3228
1716469065441190934,2216,2226,2811,2770,2712,2678,2833
1716469065456188536,2222,2233,2807,2758,2755,2881,3222
1716469065471198818,2254,2249,2807,2747,2712,2682,2905
1716469065486453373,2205,2205,2808,2759,2830,2865,3171
1716469065501310203,2240,2235,2820,2817,2732,2721,2902
1716469065516315075,2201,2208,2788,2760,2713,2703,2921
1716469065531346481,2271,2227,2799,2774,2721,2696,2895
1716469065546254308,2212,2217,2804,2778,2719,2677,2860
1716469065561371316,2232,2217,2821,2759,2708,2679,2848
1716469065576391707,2207,2225,2822,2753,2729,2861,3193
1716469065591230079,2271,2241,2789,2760,2707,2703,2880
1716469065606216560,2220,2212,2808,2770,2803,2855,3209
1716469065621634414,2244,2233,2800,2775,2727,2688,2842
1716469065636662888,2243,2265,2845,2829,2824,2861,3170
1716469065651780515,2257,2248,2784,2757,2704,2698,2887
1716469065666227841,2260,2278,2789,2790,2805,2848,2886
1716469065681308874,2240,2198,2811,2761,2700,2697,2899
1716469065697667101,2198,2205,2816,2801,2778,2694,2869
1716469065711866813,2234,2214,2818,2761,2721,2701,2953
1716469065726816091,2222,2217,2800,2782,2716,2695,2850
1716469065741591868,2234,2229,2796,2787,2730,2714,2934
1716469065756642247,2240,2253,2797,2768,2723,2692,2865
1716469065771446908,2197,2200,2804,2785,2720,2714,3205
1716469065786309802,2249,2273,2777,2801,2798,2829,2893
1716469065801488548,2214,2213,2821,2761,2709,2680,2845
1716469065816558385,2243,2226,2802,2819,2817,2724,2917
1716469065977545206,2243,2226,2802,2819,2817,2724,2917
1716469065999737107,2241,2231,2817,2755,2705,2681,2923
1716469066010984074,2273,2276,2800,2809,2805,2710,2911
1716469066025782677,2252,2247,2779,2752,2711,2689,2846
1716469066040463287,2226,2220,2803,2799,2726,2711,2913
1716469066055407457,2225,2224,2805,2781,2722,2710,2962
1716469066071177150,2212,2217,2828,2773,2723,2699,2855
1716469066085260049,2232,2223,2799,2753,2736,2736,3228
1716469066102040728,2223,2240,2791,2745,2666,2638,2785
1716469066115260768,2219,2231,2818,2764,2723,2837,3174
1716469066130549949,2240,2214,2809,2761,2709,2689,2870
1716469066145545148,2223,2225,2797,2777,2809,2832,3150
1716469066160575267,2264,2208,2808,2764,2725,2701,2892
1716469066175433260,2254,2262,2818,2816,2810,2831,3098
1716469066190398790,2246,2227,2817,2781,2720,2712,2917
1716469066205644691,2211,2225,2807,2776,2723,2697,2843
1716469066220652820,2219,2214,2809,2754,2700,2679,2872
1716469066235702926,2230,2233,2798,2755,2808,2718,2933
1716469066250273638,2233,2207,2823,2760,2727,2702,2899
1716469066265319405,2254,2216,2817,2769,2789,2725,2922
1716469066280232413,2246,2233,2792,2763,2697,2694,2840
1716469066295148999,2215,2220,2837,2828,2795,2706,2871
1716469066310169777,2245,2241,2783,2757,2682,2652,2825
1716469066325696833,2214,2231,2808,2818,2801,2824,2860
1716469066340556414,2216,2204,2827,2752,2674,2678,2859
1716469066355319765,2229,2224,2807,2817,2790,2706,2875
1716469066370223127,2253,2241,2786,2746,2679,2683,2919
1716469066385235711,2077,2221,2811,2765,2715,2667,2810
1716469066400242867,2240,2209,2816,2769,2726,2713,2939
1716469066415594335,2213,2273,2797,2766,2705,2678,2852
1716469066431025626,2209,2240,2779,2772,2717,2707,3203
1716469066445217338,2210,2225,2802,2753,2710,2689,2849
1716469066460200173,2256,2241,2782,2770,2725,2822,3110
1716469066475181323,2233,2234,2816,2827,2731,2702,2890
1716469066490186039,2223,2221,2816,2778,2724,2718,2889
1716469066505563089,2247,2252,2800,2744,2709,2706,2898
1716469066520449451,2212,2213,2818,2769,2707,2709,3188
1716469066535465743,2228,2213,2816,2758,2704,2671,2853
1716469066550302577,2218,2214,2809,2762,2712,2693,3206
1716469066565307074,2230,2214,2790,2755,2689,2662,2845
1716469066580766979,2216,2212,2818,2757,2713,2853,3175
1716469066595183772,2228,2214,2805,2754,2706,2671,2832
1716469066610566992,2213,2212,2821,2781,2803,2855,3182
1716469066625259783,2250,2264,2777,2767,2721,2700,2909
1716469066640202233,2205,2250,2845,2828,2820,2857,3157
1716469066655358333,2215,2214,2811,2757,2719,2728,2897
1716469066670288685,2241,2213,2812,2763,2700,2659,2781
1716469066685235842,2242,2247,2783,2756,2692,2675,2887
1716469066700707718,2253,2257,2776,2805,2774,2705,2874
1716469066715794757,2234,2235,2778,2762,2715,2683,2910
1716469066730662986,2225,2218,2794,2822,2732,2725,2909
1716469066745222996,2242,2235,2785,2767,2701,2678,2906
1716469066760851611,2200,2206,2801,2762,2717,2685,2887
1716469066775191425,2200,2216,2816,2764,2717,2711,2874
1716469066790148060,2230,2249,2776,2790,2785,2802,2828
1716469066806236370,2230,2217,2832,2773,2721,2717,2919
1716469066821498330,2229,2220,2784,2764,2710,2693,2911
1716469066836219955,2255,2216,2791,2757,2689,2663,2811
1716469066851376295,2234,2240,2785,2742,2717,2724,2905
1716469066867962400,2216,2217,2810,2817,2809,2857,2914
1716469066882898716,2224,2229,2789,2772,2710,2695,2864
1716469066897956608,2253,2254,2770,2799,2779,2704,2895
1716469066912671073,2249,2229,2784,2737,2695,2653,2834
1716469066929176352,2255,2138,2804,2811,2710,2697,2899
1716469066944207362,2241,2231,2782,2768,2721,2690,2869
1716469066960058166,2222,2226,2796,2761,2708,2703,2889
1716469066974476872,2245,2242,2800,2809,2798,2717,2917
1716469066989306507,2234,2230,2789,2768,2708,2694,2909
1716469067004256045,2245,2244,2816,2809,2720,2709,2925
1716469067019386903,2215,2213,2817,2781,2711,2682,2848
1716469067034359979,2227,2219,2816,2790,2711,2706,2886
1716469067049335706,2127,2252,2779,2761,2706,2723,3224
1716469067064366683,2248,2236,2804,2761,2725,2705,2867
1716469067079268832,2264,2240,2824,2763,2730,2869,3200
1716469067094258798,2263,2205,2823,2760,2709,2691,2836
1716469067109914209,2213,2206,2806,2763,2810,2864,3203
1716469067124924680,2074,2208,2797,2763,2715,2705,2902
1716469067139670846,2222,2219,2806,2780,2820,2869,3156
1716469067154635732,2262,2267,2788,2757,2711,2716,2921
1716469067169930940,2243,2256,2789,2769,2712,2703,3201
1716469067184841798,2247,2233,2796,2773,2723,2698,2885
1716469067199310982,2231,2216,2816,2769,2712,2694,2869
1716469067215008307,2230,2201,2809,2764,2729,2712,2951
1716469067229237733,2204,2202,2809,2764,2717,2704,2900
1716469067244186018,2214,2211,2820,2776,2723,2722,2919
1716469067259824674,2248,2229,2817,2818,2809,2853,2903
1716469067274383078,2221,2224,2811,2778,2709,2695,2851
1716469067289417736,2203,2221,2810,2810,2793,2840,2894
1716469067304826655,2257,2252,2789,2740,2684,2677,2844
1716469067319529630,2229,2226,2778,2812,2799,2708,2915
1716469067334292513,2247,2252,2779,2734,2703,2696,2935
1716469067349528377,2225,2222,2820,2819,2740,2713,2909
1716469067364526197,2251,2248,2778,2767,2716,2703,2941
1716469067379389272,2208,2209,2839,2765,2713,2677,2831
1716469067394213798,2240,2257,2776,2762,2723,2715,3220
1716469067409279215,2224,2152,2808,2763,2703,2643,2837
1716469067424232908,2220,2216,2800,2747,2701,2863,3168
1716469067439257419,2263,2257,2785,2796,2718,2699,2895
1716469067454297773,2214,2213,2797,2758,2709,2688,2926
1716469067469962160,2218,2224,2823,2820,2737,2714,2903
1716469067484746710,2189,2209,2803,2777,2726,2708,2919
1716469067499258424,2254,2245,2782,2767,2720,2712,2911
1716469067514478751,2220,2212,2809,2759,2707,2699,2885
1716469067529362185,2225,2210,2807,2760,2709,2678,2840
1716469067544903486,2216,2207,2801,2745,2709,2854,3196
1716469067560030440,2262,2222,2801,2764,2713,2705,2888
1716469067574702138,2223,2215,2790,2783,2818,2873,3217
1716469067589249606,2231,2223,2800,2771,2711,2700,2845
1716469067604439099,2232,2223,2793,2801,2816,2863,3150
1716469067619201745,2253,2256,2774,2763,2702,2696,2915
1716469067634232282,2226,2229,2796,2816,2831,2868,2928
1716469067650086196,2259,2257,2809,2744,2679,2669,2873
1716469067676028342,2217,2222,2804,2807,2792,2700,2900
1716469067689317166,2234,2226,2811,2765,2712,2692,2860
1716469067704357937,2241,2226,2810,2806,2791,2710,2921
1716469067720917418,2222,2233,2806,2817,2810,2849,2888
1716469067735317621,2258,2220,2817,2760,2719,2716,2873
1716469067751065362,2230,2222,2805,2761,2709,2695,2888
1716469067765287965,2281,2245,2786,2756,2811,2862,3201
1716469067780366719,2220,2220,2807,2770,2727,2706,2889
1716469067795281284,2253,2253,2783,2830,2816,2865,3184
1716469067810356011,2242,2273,2797,2766,2720,2690,2845
1716469067825372026,2234,2204,2823,2817,2819,2849,2882
1716469067840782394,2240,2249,2782,2747,2698,2669,2821
1716469067855602782,2211,2159,2820,2771,2816,2723,2912
1716469067870283880,2250,2215,2797,2748,2707,2699,2902
1716469067885219174,2207,2210,2822,2787,2720,2697,2895
1716469067900176613,2227,2214,2800,2769,2738,2724,2957
1716469067915268210,2242,2251,2781,2768,2794,2694,2847
1716469067930879438,2189,2200,2810,2769,2717,2737,3249
1716469067945235974,2219,2241,2809,2819,2816,2720,2885
1716469067960348117,2190,2185,2828,2764,2708,2703,2883
1716469067975522664,2210,2212,2810,2805,2800,2724,2917
1716469067990781420,2260,2269,2789,2767,2717,2700,2926
1716469068005212798,2224,2224,2823,2812,2714,2712,2928
1716469068020198701,2212,2200,2826,2773,2712,2683,2847
1716469068035245584,2255,2223,2824,2789,2719,2694,2864
1716469068050347103,2230,2242,2803,2787,2730,2722,3224
1716469068065246891,2253,2216,2809,2767,2725,2694,2855
1716469068080209111,2225,2236,2775,2757,2710,2872,3191
1716469068095468916,2225,2213,2817,2812,2720,2677,2805
1716469068110207842,2292,2264,2793,2761,2810,2866,3195
1716469068125378402,2260,2248,2801,2763,2707,2691,2922
1716469068140203482,2252,2250,2785,2836,2828,2865,3150
1716469068155412685,2225,2257,2785,2769,2713,2699,2923
1716469068170567621,2202,2208,2795,2766,2731,2840,2860
1716469068185296233,2265,2271,2787,2765,2724,2696,2888
1716469068200515969,2241,2244,2837,2778,2692,2833,3116
1716469068215818315,2228,2204,2823,2762,2718,2703,2900
1716469068230431636,2213,2195,2807,2773,2802,2714,2921
1716469068245918371,2246,2254,2773,2760,2717,2704,2887
1716469068260197841,2255,2224,2801,2809,2798,2845,3172
1716469068275586647,2193,2205,2820,2786,2725,2700,2863
1716469068290310929,2220,2256,2776,2800,2793,2838,2889
1716469068305538413,2218,2210,2823,2758,2704,2681,2831
1716469068320141917,2287,2251,2775,2817,2804,2719,2909
1716469068335915464,2253,2247,2790,2745,2711,2696,2962
1716469068350242604,2230,2216,2821,2825,2737,2710,2886
1716469068365180370,2233,2235,2816,2783,2732,2717,2961
1716469068380215478,2214,2210,2809,2766,2705,2681,2831
1716469068395174873,2223,2240,2823,2784,2733,2722,3228
1716469068410269077,2230,2228,2808,2778,2724,2684,2843
1716469068425236009,2223,2225,2811,2769,2756,2888,3193
1716469068440183239,2245,2245,2818,2827,2730,2713,2910
1716469068455145154,2210,2241,2820,2758,2717,2699,3147
1716469068470175533,2262,2257,2820,2822,2741,2719,2929
1716469068485423786,2249,2246,2796,2776,2725,2696,2875
1716469068500555379,2258,2270,2830,2784,2723,2704,2905
1716469068515527630,2217,2205,2826,2791,2727,2711,2911
1716469068530290116,2269,2260,2811,2772,2710,2672,2827
1716469068545200035,2231,2227,2806,2760,2726,2872,3202
1716469068560184025,2248,2227,2824,2767,2717,2697,2854
1716469068575380657,2241,2243,2809,2787,2817,2883,3213
1716469068590226786,2232,2233,2807,2829,2725,2699,2849
1716469068605200086,2247,2250,2839,2837,2829,2885,3148
1716469068620257684,2285,2213,2826,2777,2719,2706,2917
1716469068635626434,2233,2227,2820,2828,2804,2856,2906
1716469068650466600,2265,2232,2818,2770,2723,2706,2906
1716469068672382488,2251,2263,2811,2775,2728,2688,2841
1716469068681978203,2288,2265,2828,2772,2729,2709,2955
1716469068694444956,2280,2264,2797,2777,2743,2725,2921
1716469068710755528,2257,2259,2812,2787,2736,2736,3235
1716469068724138022,2165,2254,2739,2757,2714,2699,2871
1716469068739254483,2260,2247,2822,2778,2753,2892,2919
1716469068757501363,2257,2242,2835,2770,2722,2709,2949
1716469068772328896,2213,2212,2823,2777,2816,2693,2882
1716469068787125485,2252,2131,2816,2786,2744,2737,2911
1716469068802142705,2208,2200,2823,2775,2727,2699,2863
1716469068817177878,2249,2246,2793,2775,2722,2712,2934
1716469068832140390,2244,2256,2816,2836,2717,2691,2883
1716469068847146218,2209,2223,2825,2770,2706,2695,2868
1716469068862162071,2253,2240,2796,2822,2804,2716,2916
1716469068877223152,2240,2253,2821,2786,2725,2710,2912
1716469068892150884,2223,2248,2819,2832,2741,2721,2931
1716469068907187669,2261,2143,2791,2765,2713,2691,2855
1716469068922199225,2212,2224,2839,2840,2824,2705,2862
1716469068937219140,2244,2245,2819,2784,2737,2731,3226
1716469068952134990,2245,2261,2828,2783,2719,2693,2858
1716469068967139206,2222,2210,2787,2765,2713,2859,3189
1716469068982492962,2249,2231,2798,2781,2713,2694,2818
1716469068997247858,2247,2248,2842,2789,2831,2871,3201
1716469069012086124,2206,2212,2800,2778,2715,2713,2913
1716469069027167243,2247,2254,2816,2793,2734,2881,3170
1716469069042174719,2224,2231,2820,2785,2732,2715,2911
1716469069056573265,2232,2229,2818,2796,2736,2840,2856
1716469069072167755,2250,2212,2828,2771,2712,2698,2875
1716469069087132364,2243,2245,2816,2781,2723,2832,3116
1716469069102208386,2256,2212,2829,2766,2720,2708,2893
1716469069117159743,2252,2257,2809,2800,2820,2866,2927
1716469069132241710,2244,2103,2825,2791,2727,2710,2894
1716469069147581218,2278,2269,2821,2831,2810,2864,3181
1716469069162148960,2233,2227,2843,2777,2729,2696,2855
1716469069177110421,2256,2265,2776,2810,2804,2840,2895
1716469069192130570,2212,2197,2828,2760,2702,2683,2838
1716469069207193921,2272,2265,2827,2836,2817,2724,2907
1716469069222174004,2272,2263,2787,2742,2701,2691,2953
1716469069237194811,2243,2250,2829,2831,2752,2727,2889
1716469069252179624,2245,2241,2826,2783,2728,2716,2960
1716469069267239563,2285,2258,2817,2830,2723,2697,2845
1716469069282220386,2243,2234,2810,2789,2752,2735,3228
1716469069297719702,2294,2257,2832,2769,2705,2677,2858
1716469069312141684,2207,2207,2823,2765,2709,2884,3191
1716469069327585861,2261,2262,2794,2817,2806,2714,2913
1716469069342204941,2257,2255,2786,2752,2707,2693,3143
1716469069357170863,2251,2252,2808,2817,2736,2722,2922
1716469069372139060,2243,2248,2817,2779,2717,2694,2889
1716469069387220758,2254,2241,2825,2788,2719,2702,2897
1716469069402158319,2252,2252,2822,2802,2734,2719,2965
1716469069417263642,2259,2240,2786,2759,2715,2679,2839
1716469069432199769,2268,2261,2783,2770,2735,2869,3189
1716469069447252940,2225,2254,2788,2752,2713,2707,2870
1716469069462139337,2259,2226,2821,2794,2792,2872,3203
1716469069477632879,2208,2223,2790,2764,2713,2678,2866
1716469069492167924,2241,2272,2825,2833,2806,2855,3142
1716469069507178249,2225,2224,2827,2775,2730,2719,2913
1716469069523197235,2257,2251,2817,2797,2729,2718,2963
1716469069538156181,2243,2192,2808,2783,2731,2690,2840
1716469069553258875,2265,2254,2787,2767,2719,2706,2915
1716469069568156714,2246,2265,2781,2779,2712,2679,2817
1716469069583155519,2319,2258,2784,2785,2753,2889,3221
1716469069598169446,2240,2220,2809,2763,2724,2717,2902
1716469069613779965,2223,2229,2808,2797,2818,2866,3177
1716469069628139643,2269,2263,2789,2804,2718,2699,2910
1716469069643196190,2220,2251,2816,2776,2732,2704,2945
1716469069658126868,2262,2249,2830,2772,2709,2683,2874
1716469069673209867,2290,2250,2788,2769,2718,2668,3069
1716469069688156390,2293,2254,2692,2753,2716,2684,2869
1716469069703182443,2287,2268,2783,2758,2682,2680,3221
1716469069718170478,2267,2264,2817,2781,2721,2699,2884
1716469069733218510,2219,2222,2818,2767,2805,2862,3193
1716469069748175580,2243,2217,2805,2758,2705,2682,2838
1716469069763228159,2211,2211,2849,2831,2796,2837,3137
1716469069778164572,2229,2247,2800,2789,2716,2697,2874
1716469069793218024,2205,2249,2800,2818,2816,2854,2890
1716469069808283444,2278,2256,2808,2746,2704,2699,2889
1716469069823935698,2270,2259,2821,2828,2808,2716,2866
1716469069839153101,2246,2264,2797,2766,2728,2688,2841
1716469069854230573,2271,2254,2803,2774,2730,2866,3180
1716469069869171107,2276,2281,2855,2766,2720,2677,2825
1716469069884181691,2246,2235,2826,2760,2703,2873,3201
1716469069899197126,2247,2248,2811,2763,2717,2708,2911
1716469069914233336,2229,2224,2808,2776,2824,2855,3146
1716469069929195778,2224,2232,2845,2780,2715,2688,2913
1716469069944131421,2228,2226,2822,2796,2733,2723,2818
1716469069959129080,2279,2246,2790,2775,2722,2700,2925
1716469069974178989,2245,2232,2827,2787,2725,2688,3106
1716469069989201968,2276,2267,2825,2792,2727,2719,2915
1716469070004136498,2275,2268,2782,2776,2808,2860,3193
1716469070019223456,2263,2263,2831,2787,2729,2722,2889
1716469070034174401,2266,2240,2807,2811,2794,2854,3186
1716469070049246050,2234,2224,2806,2771,2720,2695,2856
1716469070064168328,2220,2229,2824,2819,2806,2852,2902
1716469070079204959,2264,2261,2798,2760,2704,2682,2848
1716469070094186121,2234,2233,2816,2837,2817,2739,2927
1716469070109184645,2249,2235,2825,2756,2713,2709,2938
1716469070124144149,2248,2254,2800,2834,2736,2713,2889
1716469070139126506,2263,2252,2823,2779,2725,2708,2960
1716469070154207288,2233,2216,2850,2776,2713,2690,2851
1716469070169196575,2257,2251,2795,2799,2733,2726,3231
1716469070184169534,2214,2209,2828,2778,2727,2670,2846
1716469070199189122,2230,2242,2791,2765,2747,2868,3180
1716469070214359017,2245,2257,2782,2825,2810,2716,2912
1716469070229192133,2208,2221,2829,2773,2713,2688,2903
1716469070244102582,2255,2252,2819,2830,2737,2717,2925
1716469070259345642,2224,2215,2826,2778,2719,2693,2845
1716469070274151911,2250,2244,2830,2788,2725,2706,2904
1716469070289248267,2230,2242,2819,2780,2736,2719,3220
1716469070304135845,2251,2232,2822,2789,2722,2680,2821
1716469070319207847,2244,2252,2818,2788,2753,2880,3207
1716469070334225650,2255,2236,2825,2786,2730,2704,2889
1716469070349581758,2260,2250,2782,2775,2820,2880,3202
1716469070364556122,2230,2247,2826,2782,2735,2709,2902
1716469070379445222,2213,2216,2840,2837,2821,2883,3154
1716469070394196746,2249,2234,2816,2783,2732,2727,2919
1716469070409282718,2271,2262,2824,2818,2809,2851,2874
1716469070424167067,2286,2270,2791,2781,2720,2709,2908
1716469070439206606,2219,2211,2824,2768,2732,2690,2848
1716469070454198904,2246,2232,2831,2764,2724,2708,2939
1716469070469195790,2245,2244,2786,2763,2722,2725,2916
1716469070484115136,2242,2235,2834,2774,2731,2720,2929
1716469070499151149,2233,2244,2841,2835,2822,2869,2902
1716469070514322358,2246,2244,2818,2787,2723,2717,2875
1716469070529194178,2092,2216,2829,2828,2827,2861,2897
1716469070544154121,2228,2228,2829,2765,2704,2691,2850
1716469070559329903,2269,2254,2787,2818,2799,2716,2905
1716469070574173110,2253,2241,2804,2758,2713,2696,2946
1716469070589187235,2249,2261,2831,2846,2742,2721,2915
1716469070604158155,2265,2240,2789,2769,2728,2712,2973
1716469070619158650,2275,2265,2804,2778,2723,2709,2899
1716469070634216148,2242,2244,2818,2783,2742,2721,3225
1716469070649214474,2222,2217,2824,2781,2704,2674,2817
1716469070664151034,2257,2227,2821,2770,2748,2871,3204
1716469070679190346,2222,2228,2799,2765,2717,2709,2907
1716469070694158191,2260,2275,2802,2791,2808,2859,3163
1716469070709359882,2250,2249,2828,2837,2730,2702,2888
1716469070724189465,2241,2230,2810,2783,2724,2680,2821
1716469070739139964,2270,2257,2792,2782,2733,2725,2933
1716469070754234472,2236,2243,2803,2768,2704,2682,2902
1716469070769209742,2259,2228,2816,2789,2719,2694,2890
1716469070784194156,2240,2233,2792,2758,2745,2874,3211
1716469070799225672,2268,2254,2786,2778,2736,2707,2889
1716469070814616436,2222,2221,2816,2785,2824,2882,3222
1716469070829115391,2220,2222,2822,2779,2721,2699,2834
1716469070844133813,2226,2208,2845,2835,2788,2854,3162
1716469070859200887,2233,2214,2825,2781,2730,2713,2915
1716469070874204567,2243,2252,2800,2826,2824,2859,2903
1716469070889184636,2229,2225,2789,2762,2712,2691,2895
1716469070904145845,2227,2221,2820,2824,2802,2708,2903
1716469070919222058,2252,2096,2822,2758,2715,2699,2953
