%time,field.ad1,field.ad2,field.ad3,field.ad4,field.ad5,field.ad6,field.ad7
1716468897093531648,2269,2242,2826,2847,2743,2709,2884
1716468897108465396,2250,2245,2854,2791,2731,2707,2951
1716468897123645904,2234,2241,2854,2844,2741,2719,2913
1716468897138407216,2254,2253,2842,2802,2764,2753,2975
1716468897154171837,2220,2113,2881,2849,2846,2892,2901
1716468897168301480,2225,2214,2852,2820,2755,2733,3182
1716468897183818560,2212,2225,2853,2839,2722,2696,2881
1716468897198229824,2225,2234,2846,2791,2725,2689,2840
1716468897213426190,2247,2132,2859,2789,2720,2721,2907
1716468897228220329,2227,2207,2851,2780,2731,2916,3225
1716468897243160410,2246,2235,2853,2835,2736,2718,2896
1716468897258397648,2245,2228,2844,2793,2744,2733,2981
1716468897273184088,2319,2279,2838,2806,2709,2697,2849
1716468897288444049,2225,2215,2853,2796,2738,2706,3240
1716468897304189094,2242,2234,2881,2861,2801,2867,3186
1716468897319196078,2273,2274,2847,2831,2755,2740,2897
1716468897334455861,2246,2245,2849,2850,2827,2851,2889
1716468897349211586,2235,2249,2849,2788,2727,2709,2910
1716468897364153507,2273,2262,2830,2835,2833,2759,2955
1716468897379171096,2246,2248,2837,2794,2739,2706,2951
1716468897394186220,2143,2251,2851,2800,2730,2697,2861
1716468897409499096,2271,2263,2858,2795,2741,2729,2977
1716468897424204394,2252,2243,2860,2823,2773,2738,2907
1716468897439227410,2255,2249,2845,2803,2740,2740,3249
1716468897454224528,2253,2263,2844,2798,2729,2701,2872
1716468897469259682,2275,2262,2827,2801,2759,2900,3202
1716468897485177840,2225,2273,2817,2836,2824,2861,2897
1716468897501247799,2266,2233,2864,2805,2753,2748,2919
1716468897516503282,2212,2236,2827,2799,2737,2736,3237
1716468897531241264,2256,2226,2851,2787,2718,2709,2850
1716468897546641117,2250,2246,2830,2792,2787,2924,3249
1716468897561242016,2275,2278,2834,2841,2761,2741,2918
1716468897576141900,2246,2229,2849,2798,2741,2718,2941
1716468897591914784,2232,2231,2849,2825,2761,2760,2933
1716468897606211815,2247,2244,2847,2821,2767,2721,2840
1716468897621703418,2230,2233,2865,2829,2779,2736,2917
1716468897636180848,2229,2227,2859,2805,2728,2880,2924
1716468897651195355,2261,2233,2827,2785,2728,2685,2841
1716468897666216958,2223,2243,2849,2782,2755,2894,3238
1716468897681302680,2226,2213,2854,2801,2742,2725,2898
1716468897696520833,2247,2250,2853,2796,2837,2902,3244
1716468897711597462,2251,2243,2836,2803,2731,2697,2858
1716468897726203115,2232,2245,2874,2849,2854,2889,3188
1716468897741203334,2249,2240,2822,2819,2754,2739,2921
1716468897756202535,2229,2227,2855,2854,2851,2886,2907
1716468897771469753,2257,2265,2823,2778,2737,2708,2905
1716468897786351540,2268,2315,2836,2840,2811,2716,2887
1716468897801209143,2256,2246,2839,2804,2757,2758,3004
1716468897816181543,2229,2225,2853,2802,2727,2701,2900
1716468897831143948,2228,2274,2828,2798,2742,2719,2959
1716468897846722665,2190,2209,2873,2854,2740,2709,2919
1716468897861189927,2230,2226,2848,2804,2728,2733,3188
1716468897876487262,2257,2265,2817,2834,2828,2884,2888
1716468897891455402,2228,2225,2849,2806,2744,2690,2846
1716468897906194139,2254,2257,2820,2847,2832,2743,2935
1716468897921153121,2245,2277,2823,2790,2742,2702,2860
1716468897936466300,2227,2093,2849,2820,2777,2760,2925
1716468897951203484,2261,2261,2824,2793,2736,2721,2993
1716468897966263982,2267,2263,2832,2788,2721,2705,2866
1716468897981346969,2258,2241,2837,2811,2738,2727,3248
1716468897996819600,2268,2216,2853,2781,2712,2695,2847
1716468898011170413,2236,2249,2859,2810,2767,2912,3252
1716468898026416993,2258,2220,2859,2793,2730,2719,2903
1716468898041190173,2261,2261,2848,2833,2861,2919,3209
1716468898056204319,2265,2264,2854,2803,2731,2712,2901
1716468898071137752,2263,2251,2857,2849,2827,2873,3154
1716468898086402822,2261,2261,2844,2780,2755,2759,2956
1716468898101146445,2294,2258,2858,2792,2734,2705,3131
1716468898116349659,2252,2224,2852,2797,2752,2717,2894
1716468898131452819,2246,2256,2803,2779,2729,2720,2953
1716468898146385276,2256,2218,2859,2790,2713,2678,2845
1716468898161164577,2256,2271,2817,2797,2831,2868,3177
1716468898176149159,2202,2268,2832,2822,2763,2702,2843
1716468898191170481,2225,2226,2881,2858,2822,2865,3176
1716468898206179135,2253,2257,2855,2823,2744,2718,2885
1716468898221194190,2231,2254,2846,2856,2835,2854,2870
1716468898236427723,2235,2234,2855,2786,2742,2733,2940
1716468898251347494,2248,2243,2851,2839,2834,2736,2905
1716468898266165200,2253,2265,2865,2804,2727,2721,2959
1716468898281153557,2229,2222,2851,2796,2735,2717,2881
1716468898296135752,2245,2246,2819,2809,2733,2725,2963
1716468898311222538,2214,2213,2855,2816,2746,2731,2934
1716468898326195895,2263,2248,2816,2818,2762,2745,3247
1716468898341254883,2261,2281,2828,2789,2724,2708,2908
1716468898356341925,2224,2231,2851,2774,2747,2869,3145
1716468898371432368,2255,2247,2876,2790,2730,2731,2898
1716468898386170551,2263,2265,2824,2783,2742,2762,2937
1716468898401230304,2271,2266,2839,2833,2719,2706,2931
1716468898416159474,2243,2231,2849,2817,2756,2732,3221
1716468898431270866,2272,2253,2831,2766,2720,2722,2901
1716468898446298629,2220,2227,2853,2811,2736,2717,3225
1716468898461743652,2263,2252,2844,2789,2756,2724,2885
1716468898476226372,2267,2259,2806,2785,2755,2895,3212
1716468898491210911,2258,2250,2827,2786,2726,2691,2840
1716468898506494612,2251,2243,2847,2817,2866,2906,3219
1716468898521175868,2240,2242,2832,2821,2779,2759,2953
1716468898536538963,2259,2271,2849,2860,2816,2876,3203
1716468898551223920,2223,2210,2860,2831,2774,2759,2944
1716468898566209745,2257,2264,2854,2799,2721,2820,2818
1716468898581214719,2227,2217,2851,2804,2738,2742,2957
1716468898596576183,2275,2264,2817,2851,2840,2722,2919
1716468898611465168,2259,2226,2835,2808,2754,2733,2964
1716468898626258112,2216,2279,2825,2835,2737,2711,2913
1716468898641233199,2251,2245,2826,2794,2757,2756,2944
1716468898656193049,2229,2215,2889,2840,2830,2888,3173
1716468898671188239,2253,2266,2837,2789,2722,2707,2876
1716468898686369356,2268,2279,2816,2844,2807,2839,2883
1716468898701314447,2220,2222,2847,2780,2727,2721,3248
1716468898716188887,2247,2240,2854,2849,2826,2727,2933
1716468898731129503,2260,2258,2824,2772,2713,2701,3242
1716468898746188364,2252,2246,2837,2847,2770,2725,2885
1716468898761657991,2231,2229,2854,2819,2760,2752,2993
1716468898776118009,2249,2247,2830,2809,2727,2690,2821
1716468898791189481,2229,2221,2852,2812,2738,2719,3232
1716468898806475688,2253,2217,2851,2809,2743,2709,2869
1716468898821188095,2231,2270,2832,2798,2769,2900,3206
1716468898836251064,2249,2242,2850,2808,2770,2749,2927
1716468898851146394,2248,2222,2860,2797,2742,2858,3130
1716468898867394084,2221,2256,2821,2795,2756,2770,2976
1716468898881711163,2247,2247,2830,2793,2836,2888,2930
1716468898896198119,2228,2214,2867,2808,2748,2724,2903
1716468898911443837,2221,2224,2853,2844,2823,2864,2925
1716468898926176229,2255,2233,2849,2799,2741,2735,2900
1716468898941164310,2250,2253,2860,2802,2831,2742,2923
1716468898956337485,2260,2267,2868,2776,2733,2720,2856
1716468898971171342,2261,2256,2857,2805,2848,2902,2965
1716468898986145844,2266,2236,2810,2787,2721,2709,2913
1716468899001258806,2225,2227,2887,2865,2834,2861,3162
1716468899016178095,2213,2205,2862,2795,2726,2694,2901
1716468899031282422,2263,2271,2817,2841,2817,2863,2888
1716468899046250560,2234,2232,2829,2798,2723,2713,2916
1716468899061250272,2234,2265,2829,2811,2735,2721,2896
1716468899076213152,2277,2249,2825,2796,2743,2708,2956
1716468899091222248,2270,2274,2821,2836,2753,2741,2934
1716468899106254655,2268,2241,2858,2809,2740,2741,2973
1716468899121199734,2250,2263,2860,2823,2768,2757,2924
1716468899136105740,2232,2240,2845,2803,2719,2711,3144
1716468899151247139,2212,2220,2835,2781,2729,2714,2883
1716468899166280328,2251,2246,2826,2798,2748,2883,2951
1716468899181669256,2243,2230,2848,2833,2738,2711,2895
1716468899196832524,2225,2218,2858,2786,2848,2905,3229
1716468899211522188,2228,2217,2853,2859,2760,2745,2885
1716468899226483722,2220,2220,2855,2789,2758,2893,3182
1716468899241311737,2247,2230,2868,2804,2753,2725,2871
1716468899256166879,2246,2250,2858,2810,2738,2704,3225
1716468899271750874,2247,2228,2846,2778,2712,2691,2928
1716468899286570273,2264,2263,2821,2793,2737,2861,3188
1716468899301644781,2262,2240,2831,2781,2726,2701,2912
1716468899316569959,2223,2221,2860,2797,2811,2861,3163
1716468899331508409,2240,2231,2844,2798,2740,2717,2902
1716468899346818015,2248,2240,2847,2825,2762,2723,2855
1716468899361528955,2233,2259,2817,2805,2722,2728,2951
1716468899376498474,2229,2228,2833,2854,2845,2881,2928
1716468899391122784,2244,2212,2851,2795,2736,2703,2862
1716468899406564218,2233,2214,2852,2847,2840,2739,2929
1716468899421556701,2279,2254,2860,2783,2757,2738,2932
1716468899436529738,2265,2248,2824,2844,2772,2764,2969
1716468899451448148,2247,2237,2833,2788,2762,2728,2919
1716468899466573630,2207,2214,2880,2853,2828,2729,2875
1716468899481469900,2227,2217,2860,2807,2763,2736,2932
1716468899496498194,2240,2257,2833,2846,2835,2759,2930
1716468899511542434,2223,2212,2859,2777,2732,2715,3228
1716468899526553635,2227,2220,2856,2827,2791,2688,2865
1716468899541524523,2223,2232,2860,2793,2741,2715,2952
1716468899556519254,2316,2280,2833,2774,2713,2701,2902
1716468899571469141,2273,2264,2843,2799,2732,2713,2963
1716468899586502177,2282,2251,2832,2816,2775,2725,2896
1716468899601178812,2276,2269,2829,2808,2729,2722,3158
1716468899616186970,2217,2226,2834,2779,2712,2700,2870
1716468899631178252,2228,2228,2858,2796,2725,2706,2857
1716468899646216240,2257,2241,2849,2805,2758,2729,2918
1716468899661150455,2240,2249,2852,2810,2857,2906,3241
1716468899676297670,2273,2264,2825,2826,2775,2761,2902
1716468899691106627,2222,2224,2845,2791,2855,2917,3221
1716468899707997161,2254,2233,2852,2802,2729,2705,2837
1716468899721231365,2263,2255,2833,2809,2740,2740,3226
1716468899736313120,2197,2243,2854,2783,2738,2719,2906
1716468899751626269,2275,2252,2820,2782,2745,2770,2959
1716468899766547409,2252,2228,2859,2784,2742,2735,2961
1716468899781211689,2223,2225,2849,2812,2862,2910,3221
1716468899796170461,2226,2229,2850,2828,2768,2763,2944
1716468899811209217,2226,2222,2881,2842,2804,2827,3085
1716468899826694506,2245,2232,2841,2798,2740,2753,2968
1716468899841192315,2273,2263,2828,2793,2715,2710,2871
1716468899856371441,2251,2235,2835,2790,2718,2725,2904
1716468899871200182,2267,2260,2840,2857,2844,2738,2933
1716468899886472593,2234,2245,2859,2797,2730,2705,2888
1716468899901113482,2249,2248,2848,2844,2732,2729,2951
1716468899916210515,2224,2211,2855,2806,2721,2688,2848
1716468899931159954,2247,2259,2866,2816,2763,2735,2888
1716468899946120827,2281,2251,2827,2808,2745,2727,3240
1716468899961418179,2233,2223,2854,2859,2847,2874,2870
1716468899976148570,2260,2248,2838,2796,2740,2874,3200
1716468899990222493,2226,2231,2829,2816,2745,2719,2984
1716468900005136754,2241,2230,2859,2807,2745,2705,2842
1716468900020208843,2265,2249,2822,2801,2738,2738,2955
1716468900035116225,2246,2276,2845,2839,2823,2862,2912
1716468900050401672,2231,2223,2844,2795,2740,2719,2895
1716468900065172745,2253,2253,2833,2845,2837,2768,2964
1716468900080227044,2220,2220,2850,2816,2769,2747,2950
1716468900095818112,2247,2241,2853,2850,2769,2763,2980
1716468900110843466,2261,2253,2825,2809,2760,2735,2923
1716468900125475691,2275,2257,2869,2820,2775,2739,2894
1716468900140357367,2267,2263,2821,2804,2735,2737,3234
1716468900155334722,2265,2249,2864,2801,2752,2730,2893
1716468900170154694,2255,2248,2847,2791,2759,2904,3243
1716468900185210922,2251,2258,2848,2805,2745,2723,2912
1716468900201174031,2243,2228,2856,2789,2733,2711,2892
1716468900216506567,2251,2240,2828,2847,2829,2760,2955
1716468900231281050,2245,2247,2847,2784,2743,2728,2984
1716468900246409330,2277,2272,2824,2811,2853,2761,2946
1716468900261247970,2219,2224,2854,2806,2761,2757,2999
1716468900276186396,2256,2252,2856,2822,2769,2743,2882
1716468900291221005,2253,2250,2824,2818,2781,2771,3266
1716468900306807742,2252,2256,2855,2800,2733,2722,2873
1716468900321538573,2241,2229,2861,2790,2741,2726,2923
1716468900336154827,2260,2265,2836,2847,2825,2732,2917
1716468900351198135,2262,2251,2828,2783,2725,2696,2914
1716468900366624797,2242,2256,2841,2866,2774,2772,2962
1716468900381451647,2240,2231,2858,2785,2735,2694,2892
1716468900401203250,2277,2276,2849,2789,2726,2711,2870
1716468900416186369,2219,2240,2855,2794,2737,2731,2916
1716468900431464808,2266,2248,2840,2790,2711,2860,3139
1716468900446453969,2255,2260,2856,2854,2770,2745,2928
1716468900461167489,2251,2247,2843,2809,2766,2725,2873
1716468900476225430,2253,2244,2868,2824,2760,2743,2937
1716468900491457511,2253,2235,2836,2802,2746,2737,2928
1716468900506195959,2266,2235,2855,2787,2720,2668,2847
1716468900521257517,2249,2259,2850,2796,2795,2895,3222
1716468900536305240,2241,2229,2849,2788,2746,2734,2913
1716468900551215644,2229,2222,2861,2803,2837,2910,3244
1716468900566550212,2244,2228,2853,2809,2745,2728,2919
1716468900581986379,2229,2234,2869,2836,2847,2884,3179
1716468900596575643,2269,2255,2816,2799,2719,2703,2911
1716468900611494624,2245,2275,2849,2845,2836,2860,2882
1716468900627539690,2253,2251,2868,2816,2745,2708,2866
1716468900642462631,2245,2256,2849,2802,2744,2709,3216
1716468900657223609,2242,2242,2852,2789,2729,2702,2840
1716468900672146726,2225,2215,2860,2798,2769,2917,3256
1716468900687466092,2279,2278,2823,2775,2715,2697,2924
1716468900702134925,2233,2235,2834,2819,2861,2903,3225
1716468900717207015,2274,2265,2854,2799,2760,2746,2940
1716468900732133142,2223,2227,2855,2862,2801,2825,3094
1716468900747649893,2250,2241,2866,2803,2739,2753,2951
1716468900762172455,2246,2247,2839,2806,2759,2713,2868
1716468900777173474,2264,2252,2828,2793,2726,2703,2928
1716468900792120469,2220,2221,2848,2789,2736,2694,2861
1716468900807519567,2255,2231,2859,2796,2721,2707,2882
1716468900822418362,2229,2218,2860,2808,2837,2907,3247
1716468900837237290,2250,2251,2830,2806,2763,2735,2903
1716468900852215664,2264,2254,2895,2874,2833,2863,3176
1716468900867271819,2247,2252,2852,2817,2755,2730,2896
1716468900882481532,2254,2261,2824,2833,2819,2880,2912
1716468900898179025,2241,2236,2872,2811,2767,2735,2891
1716468900913487895,2130,2244,2830,2807,2755,2745,3236
1716468900928478126,2256,2250,2836,2785,2714,2704,2860
1716468900943119634,2226,2223,2853,2780,2739,2880,3217
1716468900958194476,2233,2226,2853,2785,2712,2701,2841
1716468900977705212,2247,2249,2849,2805,2859,2917,3219
1716468900988466837,2264,2227,2849,2801,2739,2745,2945
1716468901004723188,2290,2250,2851,2778,2741,2740,2979
1716468901019246805,2251,2248,2833,2853,2740,2718,2898
1716468901034229798,2234,2224,2820,2791,2732,2714,2969
1716468901049271653,2204,2209,2840,2831,2743,2716,2885
1716468901064531934,2225,2259,2822,2785,2742,2725,3208
1716468901079542262,2255,2253,2857,2802,2717,2701,2861
1716468901094187863,2261,2274,2818,2776,2719,2910,3232
1716468901110076023,2249,2244,2839,2851,2845,2771,2945
1716468901124173221,2263,2271,2856,2804,2760,2733,2970
1716468901139376868,2275,2308,2847,2856,2762,2755,2958
1716468901154357407,2281,2294,2820,2802,2744,2710,2924
1716468901169853282,2281,2254,2841,2852,2768,2756,2935
1716468901184716838,2254,2262,2831,2798,2720,2705,2897
1716468901199776111,2263,2254,2847,2792,2725,2678,2845
1716468901215669467,2268,2219,2830,2802,2761,2923,3237
1716468901230209991,2246,2220,2851,2818,2788,2770,2936
1716468901244610348,2260,2254,2845,2821,2864,2914,3253
1716468901259323510,2264,2253,2824,2784,2746,2736,2914
1716468901274288222,2240,2240,2874,2857,2829,2883,3174
1716468901289608273,2259,2261,2819,2796,2729,2701,2933
1716468901304242512,2234,2256,2849,2855,2844,2896,2962
1716468901319541023,2257,2245,2857,2796,2730,2717,2914
1716468901334227843,2250,2264,2829,2848,2824,2718,2859
1716468901349272120,2245,2215,2852,2804,2772,2755,2969
1716468901364492286,2210,2225,2857,2809,2775,2765,2963
1716468901379655048,2258,2267,2820,2784,2753,2754,3013
1716468901395909394,2254,2254,2857,2865,2862,2905,3214
1716468901409241243,2229,2222,2850,2802,2730,2718,2897
1716468901424207390,2254,2264,2836,2836,2825,2866,2922
1716468901439227191,2243,2253,2852,2799,2741,2725,2888
1716468901454246690,2277,2254,2818,2846,2822,2732,2937
1716468901469673586,2259,2253,2837,2795,2741,2726,2906
1716468901484373189,2261,2256,2828,2856,2775,2779,2970
1716468901499247561,2261,2265,2839,2802,2756,2747,2992
1716468901514216935,2231,2231,2849,2800,2738,2697,2862
1716468901529300032,2223,2218,2858,2799,2747,2731,3232
1716468901544215102,2271,2224,2862,2787,2722,2707,2866
1716468901559174596,2283,2231,2856,2783,2747,2882,3223
1716468901574175123,2283,2251,2855,2799,2759,2736,2927
1716468901589225081,2249,2248,2827,2819,2851,2896,3213
1716468901604123872,2251,2271,2833,2804,2757,2764,2962
1716468901619205201,2223,2228,2850,2811,2745,2733,2945
1716468901634224890,2223,2227,2864,2808,2774,2764,2961
1716468901649441283,2250,2261,2861,2804,2727,2705,2848
1716468901664121757,2272,2248,2829,2785,2721,2707,2868
1716468901679520314,2241,2241,2849,2798,2767,2912,2949
1716468901694512933,2218,2212,2857,2802,2739,2743,2920
1716468901709488739,2225,2228,2759,2817,2857,2910,3260
1716468901724476879,2261,2277,2832,2804,2757,2725,2880
1716468901739238780,2223,2232,2881,2870,2858,2895,3202
1716468901754138755,2249,2261,2844,2807,2744,2721,2925
1716468901769757544,2244,2230,2852,2844,2845,2899,2946
1716468901784230256,2285,2263,2865,2794,2726,2721,2923
1716468901800033180,2213,2222,2847,2849,2840,2747,2909
1716468901814245283,2264,2247,2833,2739,2743,2721,2976
1716468901829335757,2223,2242,2841,2823,2767,2752,2917
1716468901844145298,2265,2213,2840,2809,2741,2719,2968
1716468901859358783,2225,2211,2828,2803,2753,2754,2932
1716468901874203956,2225,2215,2824,2804,2733,2737,3225
1716468901889206026,2268,2273,2800,2830,2831,2869,2911
1716468901904551162,2290,2282,2825,2784,2736,2719,3162
1716468901919457649,2240,2229,2844,2855,2758,2748,2927
1716468901934521874,2246,2247,2857,2808,2769,2740,2910
1716468901949516965,2221,2234,2841,2852,2775,2770,2944
1716468901964353322,2253,2260,2850,2837,2775,2762,3242
1716468901979159719,2228,2247,2859,2810,2735,2701,2837
1716468901994492715,2232,2231,2855,2826,2764,2741,3248
1716468902009308096,2242,2243,2846,2789,2738,2714,2884
1716468902024161747,2214,2231,2848,2816,2794,2927,3252
1716468902039232700,2263,2231,2856,2792,2736,2713,2904
1716468902054238970,2247,2245,2845,2826,2864,2908,3238
1716468902069765970,2228,2253,2833,2806,2759,2763,2962
1716468902084206402,2254,2226,2881,2851,2829,2881,3192
1716468902099245012,2249,2244,2847,2813,2764,2754,2967
1716468902114188616,2249,2221,2840,2796,2719,2700,2840
1716468902129129373,2249,2247,2849,2795,2752,2733,2918
1716468902144441083,2220,2218,2851,2859,2849,2762,2959
1716468902159204293,2261,2245,2854,2800,2741,2728,2964
1716468902188495830,2224,2212,2860,2842,2757,2735,2928
1716468902189869666,2244,2231,2862,2796,2736,2721,2897
1716468902204214546,2221,2215,2875,2856,2836,2897,2932
1716468902219265800,2279,2271,2826,2819,2742,2709,2926
1716468902234660409,2213,2221,2852,2842,2835,2869,2924
1716468902249574422,2220,2215,2855,2786,2729,2735,2936
1716468902264450940,2257,2121,2838,2871,2864,2771,2945
1716468902279134728,2249,2250,2847,2790,2747,2737,2992
1716468902294155497,2255,2251,2832,2853,2765,2757,2936
1716468902309230607,2235,2225,2858,2817,2768,2743,2975
1716468902324293593,2271,2268,2853,2816,2757,2745,2894
1716468902339228236,2255,2243,2852,2803,2748,2752,3290
1716468902354225743,2276,2252,2852,2799,2721,2698,2890
1716468902369231653,2241,2244,2857,2786,2741,2873,3169
1716468902384151761,2280,2280,2863,2802,2760,2757,2946
1716468902399434780,2240,2245,2844,2817,2777,2758,2913
1716468902414204709,2232,2231,2824,2797,2747,2746,2959
1716468902429771748,2224,2225,2848,2808,2746,2911,3213
1716468902444498760,2255,2253,2857,2822,2771,2746,2901
1716468902459572172,2272,2254,2829,2798,2739,2747,2928
1716468902474503206,2261,2246,2855,2813,2736,2709,2858
1716468902489666819,2259,2243,2806,2777,2765,2902,3239
1716468902504515939,2282,2266,2821,2797,2740,2707,2930
1716468902519917540,2249,2247,2845,2828,2862,2914,3239
1716468902534539492,2264,2254,2830,2816,2767,2760,2972
1716468902549484782,2250,2247,2839,2842,2831,2872,3170
1716468902564894833,2257,2246,2824,2801,2742,2734,2927
1716468902580001930,2243,2249,2845,2829,2823,2853,2862
1716468902595452323,2235,2250,2868,2800,2719,2706,2865
1716468902610350337,2264,2256,2850,2801,2752,2733,3226
1716468902625293169,2224,2221,2850,2791,2726,2701,2865
1716468902641362768,2245,2233,2858,2789,2765,2909,3238
1716468902656631550,2257,2229,2851,2783,2743,2724,2907
1716468902672225812,2251,2233,2864,2804,2730,2711,2858
1716468902687250413,2218,2212,2858,2798,2752,2733,3228
1716468902702551695,2290,2267,2832,2787,2731,2702,2835
1716468902717695571,2220,2216,2852,2793,2765,2884,3212
1716468902732446935,2259,2264,2816,2821,2808,2713,2864
1716468902747847643,2229,2290,2824,2807,2845,2901,3227
1716468902762558245,2245,2252,2851,2820,2780,2764,2974
1716468902777196844,2252,2246,2836,2805,2756,2919,3228
1716468902792465949,2264,2242,2844,2820,2774,2746,2900
1716468902807467403,2248,2242,2823,2800,2721,2825,2823
1716468902822401371,2293,2264,2839,2797,2728,2708,2947
1716468902837185773,2231,2247,2857,2795,2760,2735,2892
1716468902852447098,2289,2261,2828,2800,2760,2757,2986
1716468902867178696,2225,2232,2851,2795,2757,2725,2898
1716468902882241729,2253,2265,2816,2804,2741,2732,2904
1716468902898272961,2252,2255,2821,2787,2737,2726,3187
1716468902913223584,2267,2128,2831,2840,2752,2724,2912
1716468902928143580,2245,2234,2842,2805,2739,2711,2868
1716468902943152091,2256,2255,2868,2797,2736,2720,2909
1716468902958218826,2217,2207,2854,2806,2731,2719,2916
1716468902973189225,2276,2271,2824,2801,2724,2703,2872
1716468902988285476,2219,2218,2856,2787,2775,2911,3243
1716468903004164247,2258,2262,2845,2842,2833,2880,2944
1716468903019728755,2249,2235,2837,2794,2759,2739,2896
1716468903034252594,2265,2262,2820,2841,2833,2763,2965
1716468903050904005,2230,2263,2856,2790,2735,2708,2867
1716468903064740025,2255,2225,2859,2840,2766,2763,2966
1716468903079443674,2215,2260,2825,2794,2728,2722,2985
1716468903094192180,2251,2255,2797,2799,2733,2696,2853
1716468903109528385,2285,2257,2829,2821,2753,2739,3242
1716468903124170195,2265,2268,2862,2793,2727,2704,2851
1716468903139225911,2274,2260,2822,2790,2771,2915,3243
1716468903154316678,2271,2290,2838,2795,2735,2728,2920
1716468903169174455,2217,2216,2854,2802,2759,2752,3221
1716468903184459363,2284,2276,2832,2846,2778,2772,2961
1716468903199198146,2254,2248,2821,2817,2777,2905,3179
1716468903214367617,2278,2281,2828,2798,2739,2730,2940
1716468903229442764,2255,2255,2823,2784,2719,2707,3141
1716468903244167343,2272,2253,2850,2803,2729,2704,2880
1716468903259266043,2228,2220,2838,2799,2763,2770,2969
1716468903274193846,2282,2297,2848,2799,2753,2745,2916
1716468903289207688,2233,2234,2846,2821,2864,2925,3253
1716468903304288201,2230,2233,2854,2818,2781,2768,2937
1716468903319210767,2273,2259,2822,2882,2860,2907,3210
1716468903334574352,2226,2231,2860,2811,2757,2736,2893
1716468903349572903,2228,2248,2842,2849,2835,2884,2920
1716468903364568597,2267,2275,2857,2789,2724,2720,2936
1716468903379525643,2242,2245,2847,2852,2831,2725,2899
1716468903394444712,2271,2261,2861,2795,2738,2721,2962
1716468903409373707,2235,2241,2843,2835,2770,2753,2910
1716468903424539280,2216,2223,2852,2821,2781,2756,2982
1716468903439448346,2243,2260,2851,2804,2775,2762,2938
1716468903454272041,2216,2210,2856,2813,2741,2740,3250
1716468903469665764,2251,2253,2845,2846,2839,2731,2907
1716468903484763461,2212,2196,2856,2793,2724,2703,3147
1716468903499182369,2255,2249,2842,2863,2842,2743,2912
1716468903514142401,2226,2228,2853,2824,2777,2760,2958
1716468903529692744,2256,2246,2850,2856,2775,2771,2985
1716468903544478623,2259,2249,2832,2813,2763,2759,2961
1716468903559578457,2267,2259,2835,2804,2733,2712,2874
1716468903574499079,2266,2259,2818,2794,2738,2745,3242
1716468903589314995,2250,2271,2844,2787,2744,2734,2913
1716468903604473689,2242,2245,2854,2793,2761,2913,3248
1716468903619242360,2250,2257,2828,2786,2730,2713,2881
1716468903634184469,2244,2253,2848,2805,2862,2908,3209
1716468903649241662,2286,2221,2851,2805,2773,2774,2974
1716468903664112560,2261,2254,2862,2867,2860,2907,3209
1716468903679518461,2252,2259,2862,2822,2777,2767,2960
1716468903694202395,2254,2235,2833,2805,2754,2734,3179
1716468903709151521,2249,2227,2857,2788,2728,2714,2938
1716468903724159010,2247,2253,2852,2807,2842,2753,2937
1716468903739206678,2263,2249,2855,2816,2770,2761,2972
1716468903754487566,2255,2245,2847,2807,2848,2765,2958
1716468903769251381,2262,2255,2826,2806,2775,2759,2934
1716468903784205437,2215,2213,2881,2875,2864,2905,3236
1716468903799200840,2253,2246,2832,2799,2743,2708,2865
1716468903814404307,2233,2243,2853,2848,2837,2867,2910
1716468903829556042,2244,2228,2857,2797,2732,2732,2928
1716468903844153510,2277,2268,2829,2842,2842,2768,2955
1716468903859696568,2224,2223,2856,2807,2763,2741,2983
1716468903875168412,2221,2219,2848,2788,2761,2913,3248
1716468903890185547,2262,2247,2840,2799,2759,2753,2932
1716468903905162648,2273,2276,2842,2805,2848,2911,3249
1716468903920166005,2217,2248,2801,2794,2743,2730,2913
1716468903935124594,2247,2234,2850,2801,2744,2898,3164
1716468903950311484,2244,2241,2842,2816,2756,2740,2931
1716468903965194455,2299,2261,2821,2850,2832,2881,2919
1716468903980255399,2240,2221,2854,2801,2752,2741,2936
1716468903995161184,2228,2217,2848,2800,2739,2716,2893
1716468904010157231,2270,2242,2824,2800,2758,2755,2987
1716468904025402759,2245,2258,2831,2850,2764,2765,2961
1716468904040164877,2261,2249,2828,2792,2753,2767,3011
1716468904055381332,2225,2269,2847,2850,2847,2909,3222
1716468904070125511,2218,2220,2855,2824,2763,2742,2901
1716468904085191067,2266,2287,2852,2846,2822,2861,2908
1716468904100496468,2228,2221,2854,2798,2739,2719,2869
1716468904116133777,2263,2252,2844,2849,2843,2772,2973
1716468904130458690,2247,2253,2828,2794,2740,2723,2969
1716468904145684964,2226,2190,2853,2864,2785,2758,2948
1716468904161173738,2244,2213,2854,2801,2752,2758,3025
1716468904175192620,2180,2214,2881,2876,2875,2759,2932
1716468904190156612,2247,2246,2849,2812,2739,2733,3228
1716468904205301110,2220,2224,2850,2797,2736,2690,2841
1716468904220186520,2244,2256,2856,2792,2773,2911,3234
1716468904235862174,2232,2228,2852,2819,2752,2745,2940
1716468904250308794,2228,2209,2852,2796,2763,2745,3212
1716468904266196631,2255,2267,2849,2849,2758,2756,2936
1716468904280440003,2248,2228,2834,2794,2727,2723,2899
1716468904295435522,2208,2221,2861,2820,2765,2764,2956
1716468904310183671,2210,2212,2851,2791,2722,2693,2861
1716468904325225540,2249,2245,2856,2809,2733,2700,2902
1716468904340165044,2213,2217,2854,2793,2777,2772,2975
1716468904355185421,2252,2231,2849,2821,2791,2769,2954
1716468904370298325,2255,2247,2823,2809,2852,2913,3249
1716468904385148822,2216,2201,2861,2825,2776,2733,2867
1716468904400413719,2254,2244,2857,2860,2850,2901,3186
1716468904415231166,2241,2217,2834,2798,2741,2758,2937
1716468904430331040,2242,2253,2842,2847,2843,2897,2945
1716468904445501386,2242,2216,2829,2782,2728,2723,2924
1716468904460543339,2212,2218,2855,2849,2824,2727,2883
1716468904475293739,2228,2207,2823,2794,2757,2738,2968
1716468904490729224,2221,2219,2839,2819,2756,2743,2921
1716468904505567094,2234,2235,2838,2825,2785,2766,2989
1716468904520685421,2205,2221,2875,2820,2775,2741,2910
1716468904535602381,2254,2241,2823,2805,2754,2732,2912
1716468904550651648,2241,2251,2822,2837,2823,2720,2917
1716468904566005482,2205,2186,2857,2792,2736,2725,2885
1716468904580677488,2221,2224,2795,2841,2828,2755,2966
1716468904595806246,2199,2207,2857,2796,2753,2913,3239
1716468904610622786,2208,2224,2852,2869,2779,2771,2964
1716468904625600011,2222,2218,2852,2801,2736,2740,3013
1716468904641344159,2228,2215,2884,2804,2735,2710,2862
1716468904655574438,2217,2230,2745,2794,2734,2733,3240
1716468904670634182,2241,2244,2820,2781,2719,2698,2857
1716468904685618439,2244,2240,2821,2802,2784,2919,3264
1716468904700571758,2226,2203,2867,2801,2742,2725,2920
1716468904715196644,2257,2250,2817,2801,2841,2897,3206
1716468904730180053,2200,2163,2825,2807,2771,2761,2957
1716468904891294130,2200,2163,2825,2807,2771,2761,2957
1716468904906197401,2240,2253,2848,2829,2858,2907,3230
1716468904921960522,2217,2249,2823,2800,2752,2733,2895
1716468904936740910,2209,2218,2854,2809,2741,2733,3169
1716468904951421732,2275,2213,2838,2801,2735,2718,2925
1716468904966693805,2227,2216,2843,2819,2765,2758,2910
1716468904981169526,2103,2205,2850,2787,2716,2714,2909
1716468904996446737,2246,2254,2852,2792,2755,2868,3158
1716468905011212175,2220,2214,2847,2800,2759,2765,2939
1716468905026257979,2252,2246,2828,2796,2759,2761,2951
1716468905041217224,2250,2223,2851,2816,2763,2771,2962
1716468905056139991,2210,2210,2883,2872,2853,2907,3201
1716468905071569236,2230,2217,2829,2802,2756,2736,2895
1716468905086275295,2228,2234,2855,2849,2837,2876,2895
1716468905101422622,2240,2222,2849,2793,2748,2740,2882
1716468905117587251,2228,2216,2855,2795,2725,2706,2850
1716468905132155231,2229,2198,2850,2789,2742,2721,2881
1716468905147229738,2264,2223,2861,2791,2761,2904,3209
1716468905162218876,2213,2203,2848,2806,2754,2756,2934
1716468905177591705,2220,2204,2853,2791,2861,2902,3231
1716468905192196056,2217,2209,2848,2804,2837,2882,3191
1716468905207282044,2210,2236,2816,2800,2768,2761,2960
1716468905222249865,2240,2227,2849,2827,2758,2741,2919
1716468905237270834,2245,2224,2835,2800,2831,2864,2917
1716468905252192051,2246,2226,2840,2787,2713,2682,2853
1716468905267456627,2200,2193,2863,2788,2735,2873,3191
1716468905282243559,2266,2248,2821,2783,2714,2705,2911
1716468905298315944,2234,2233,2847,2799,2720,2726,2928
1716468905313746603,2206,2219,2851,2843,2809,2709,2894
1716468905328833497,2218,2215,2853,2783,2872,2905,3225
1716468905343816485,2220,2211,2857,2793,2741,2729,2908
1716468905504590594,2220,2211,2857,2793,2741,2729,2908
1716468905519564209,2247,2249,2849,2793,2743,2724,2980
1716468905534888266,2233,2245,2830,2825,2884,2761,2927
1716468905549725376,2250,2234,2851,2817,2776,2768,2988
1716468905564325608,2189,2193,2852,2820,2767,2734,2874
1716468905579296866,2232,2233,2827,2799,2740,2736,3240
1716468905595730720,2218,2220,2841,2805,2733,2693,2861
1716468905609623362,2208,2206,2859,2787,2761,2889,3173
1716468905624828842,2252,2215,2844,2799,2739,2728,2926
1716468905639625948,2242,2243,2849,2806,2757,2732,3145
1716468905654668178,2205,2208,2853,2816,2752,2754,2978
1716468905669654394,2222,2216,2852,2816,2768,2730,2881
1716468905684500778,2231,2249,2862,2808,2737,2732,2907
1716468905845260741,2231,2249,2862,2808,2737,2732,2907
1716468905860696856,2218,2221,2848,2809,2733,2714,3096
1716468905876484636,2234,2225,2853,2818,2755,2741,2924
1716468905890237338,2222,2211,2858,2791,2728,2697,2843
1716468905905283510,2232,2200,2848,2798,2737,2713,2885
1716468905920175014,2208,2212,2817,2786,2765,2906,3238
1716468905935163933,2211,2220,2854,2875,2782,2767,2933
1716468905950259902,2223,2208,2854,2817,2862,2914,3258
1716468905965219169,2247,2233,2826,2796,2738,2712,2872
1716468905981149102,2214,2214,2856,2862,2843,2897,3190
1716468905995260457,2207,2214,2852,2804,2746,2716,2907
1716468906010253570,2225,2221,2849,2801,2847,2888,2927
1716468906025337701,2232,2195,2859,2800,2736,2725,2924
1716468906040564329,2220,2214,2845,2798,2840,2746,2912
1716468906055202467,2254,2254,2845,2798,2764,2759,2946
1716468906070216276,2221,2222,2844,2836,2857,2901,2928
1716468906085173184,2233,2225,2852,2816,2761,2752,2947
1716468906100181646,2220,2210,2865,2796,2735,2708,2876
1716468906115488199,2245,2157,2831,2809,2743,2735,2935
1716468906130694098,2218,2220,2852,2836,2821,2862,2927
1716468906145203653,2206,2206,2854,2799,2740,2716,2904
1716468906160209640,2221,2222,2836,2849,2846,2765,2962
1716468906175210858,2218,2220,2850,2809,2776,2757,2914
1716468906190209153,2220,2220,2847,2836,2738,2727,2918
1716468906205222753,2245,2254,2849,2803,2762,2754,3003
1716468906221225075,2202,2209,2860,2799,2730,2704,2847
1716468906236234303,2218,2217,2855,2799,2753,2760,2930
1716468906251214751,2214,2208,2874,2857,2850,2905,3234
1716468906266228983,2213,2215,2860,2804,2722,2692,2856
1716468906281700573,2234,2243,2847,2840,2832,2862,2904
1716468906296191958,2209,2225,2847,2796,2730,2725,2907
1716468906311190326,2234,2254,2858,2865,2853,2774,2948
1716468906327585254,2265,2255,2865,2800,2725,2698,2854
1716468906342338525,2204,2164,2823,2799,2755,2909,3228
1716468906357268308,2232,2233,2838,2831,2768,2741,2893
1716468906372185419,2267,2231,2837,2784,2721,2914,3243
1716468906387183669,2290,2265,2833,2825,2721,2752,2909
1716468906402405337,2246,2225,2822,2884,2834,2883,3162
1716468906417261497,2212,2221,2852,2797,2731,2699,2939
1716468906432161189,2208,2204,2865,2800,2735,2892,2930
1716468906447746509,2267,2225,2832,2783,2720,2673,2912
1716468906462529503,2224,2234,2817,2779,2743,2848,3143
1716468906477194638,2265,2232,2847,2785,2754,2731,2909
1716468906492250483,2254,2256,2800,2784,2740,2721,2945
1716468906507214978,2218,2220,2849,2792,2743,2756,2938
1716468906522301682,2235,2214,2869,2865,2849,2886,3186
1716468906537230594,2232,2216,2847,2819,2745,2705,2872
1716468906552192187,2224,2269,2846,2849,2827,2856,2904
1716468906567324112,2234,2217,2855,2799,2719,2697,2852
1716468906582425555,2202,2228,2835,2849,2837,2743,2948
1716468906597256892,2210,2218,2853,2788,2758,2722,2906
1716468906612557029,2261,2243,2816,2865,2762,2769,2944
1716468906627641000,2253,2255,2841,2784,2762,2742,2981
1716468906642351542,2212,2208,2869,2837,2816,2700,2863
1716468906657276905,2211,2208,2854,2813,2730,2718,2915
1716468906672233013,2208,2229,2746,2805,2738,2711,2857
1716468906687778898,2248,2245,2829,2822,2793,2921,3244
1716468906702340889,2245,2247,2807,2771,2712,2736,2926
1716468906717208600,2209,2202,2865,2770,2731,2722,3203
1716468906732526420,2221,2225,2849,2849,2708,2733,2930
1716468906747185028,2211,2223,2852,2831,2786,2756,2950
1716468906762961848,2250,2251,2826,2786,2739,2717,2923
1716468906777486946,2232,2219,2831,2789,2737,2712,2842
1716468906792193128,2233,2265,2846,2852,2842,2848,2882
1716468906807220621,2252,2247,2826,2774,2741,2864,3194
1716468906822182402,2260,2221,2856,2801,2759,2733,2889
1716468906837216191,2248,2246,2852,2819,2856,2895,3253
1716468906852535374,2225,2221,2852,2807,2753,2729,2862
1716468906867263191,2215,2268,2851,2888,2859,2897,3183
1716468906882622118,2255,2240,2824,2812,2730,2712,2906
1716468906897551643,2220,2218,2833,2786,2739,2731,3196
1716468906912729168,2262,2244,2825,2800,2727,2713,2900
1716468906927241063,2244,2228,2837,2857,2845,2743,2899
1716468906942197371,2218,2199,2855,2774,2723,2720,2904
1716468906957609420,2213,2218,2850,2790,2794,2835,3145
1716468906972232621,2240,2230,2830,2816,2768,2732,2966
1716468906987206411,2215,2226,2851,2805,2758,2717,2874
1716468907002334786,2291,2256,2827,2793,2736,2731,2913
1716468907017306422,2204,2226,2850,2857,2831,2874,2906
1716468907033464000,2244,2224,2819,2777,2716,2669,2826
1716468907047315053,2229,2212,2844,2781,2833,2739,2921
1716468907062282316,2219,2233,2850,2806,2767,2745,2900
1716468907077193807,2229,2223,2847,2854,2776,2776,2944
1716468907092532191,2198,2214,2851,2840,2737,2724,2894
1716468907107220746,2215,2260,2842,2801,2733,2694,2843
1716468907122177020,2218,2217,2855,2817,2752,2741,3221
1716468907137229107,2230,2241,2840,2830,2811,2703,2847
1716468907152551193,2227,2230,2843,2778,2771,2880,3205
1716468907167643692,2226,2221,2849,2788,2719,2679,2827
1716468907182167592,2205,2179,2861,2780,2868,2902,3223
1716468907197342496,2207,2215,2852,2832,2732,2719,2924
1716468907212158502,2231,2246,2881,2880,2843,2875,3162
1716468907227167081,2220,2225,2872,2784,2727,2705,2960
1716468907242217450,2222,2227,2839,2801,2720,2694,2858
1716468907257185651,2233,2222,2828,2803,2768,2747,3244
1716468907272182511,2206,2213,2854,2776,2719,2716,2954
1716468907287334299,2246,2226,2858,2792,2728,2713,2950
1716468907302280191,2258,2243,2823,2801,2825,2884,3205
1716468907317285167,2227,2217,2852,2804,2741,2710,2869
1716468907332317502,2184,2214,2889,2853,2821,2859,3166
1716468907347443051,2235,2284,2848,2792,2729,2672,2847
1716468907362406767,2222,2251,2849,2847,2837,2873,2866
1716468907378587325,2254,2247,2817,2777,2722,2716,2907
1716468907393632494,2248,2228,2826,2804,2742,2736,3234
1716468907408938963,2265,2256,2840,2787,2724,2708,2867
1716468907424202756,2224,2264,2838,2811,2762,2746,2901
1716468907440065685,2212,2283,2840,2844,2835,2868,2923
1716468907455082439,2266,2258,2831,2799,2756,2729,2896
1716468907469637735,2246,2243,2823,2791,2833,2741,2951
1716468907484820867,2244,2217,2859,2784,2733,2712,2890
1716468907499705899,2253,2232,2824,2809,2845,2733,2909
1716468907514716599,2253,2235,2820,2822,2754,2756,2995
1716468907529235477,2201,2202,2882,2846,2729,2690,2860
1716468907544281081,2259,2251,2831,2801,2742,2754,3234
1716468907559276664,2220,2225,2836,2830,2712,2674,2816
1716468907574259736,2240,2202,2849,2793,2759,2754,2928
1716468907589246601,2257,2258,2824,2795,2724,2706,2889
1716468907604257170,2230,2223,2853,2805,2767,2753,3004
1716468907619247493,2271,2263,2867,2851,2740,2730,2933
1716468907634293123,2205,2200,2851,2809,2745,2720,3116
1716468907649266502,2216,2205,2883,2857,2730,2720,2932
1716468907664392567,2258,2251,2823,2796,2719,2689,2850
1716468907680323304,2261,2222,2819,2791,2730,2700,2869
1716468907694243285,2209,2207,2849,2802,2775,2924,3252
1716468907709350687,2293,2220,2855,2797,2759,2767,2954
1716468907725066017,2215,2252,2855,2817,2850,2911,3251
1716468907739225878,2246,2240,2863,2833,2774,2732,2858
1716468907755097788,2252,2264,2827,2865,2832,2887,3184
1716468907769415386,2118,2221,2772,2800,2734,2722,2883
1716468907784402151,2227,2228,2853,2846,2837,2881,2933
1716468907799575488,2253,2255,2832,2787,2739,2721,2934
1716468907814232261,2260,2252,2821,2794,2836,2738,2892
1716468907829714376,2248,2244,2849,2805,2746,2733,2992
1716468907844144919,2230,2226,2828,2833,2853,2765,2928
1716468907859311248,2224,2229,2847,2795,2743,2733,2930
1716468907874288534,2234,2240,2845,2811,2760,2741,2916
1716468907889276544,2242,2223,2841,2810,2757,2747,2949
1716468907904217745,2247,2309,2840,2832,2820,2860,2913
1716468907919925085,2226,2235,2831,2798,2731,2691,2858
1716468907934748867,2247,2264,2875,2858,2843,2766,2963
1716468907949599279,2228,2207,2858,2788,2763,2738,2909
1716468907964392951,2214,2216,2853,2844,2766,2767,2955
1716468907979581145,2202,2199,2849,2821,2775,2762,3021
1716468907994484049,2253,2216,2854,2800,2735,2713,2864
1716468908011594485,2228,2295,2839,2817,2754,2753,3240
1716468908024298556,2248,2255,2850,2787,2725,2703,2843
1716468908039779925,2248,2248,2858,2800,2776,2928,3252
1716468908054356016,2225,2232,2823,2796,2734,2727,2914
1716468908070416372,2224,2211,2852,2806,2866,2907,3217
1716468908084477908,2248,2252,2849,2860,2780,2763,2965
1716468908099298011,2225,2224,2850,2798,2752,2734,2973
1716468908114695444,2232,2243,2856,2822,2775,2765,2947
1716468908129518795,2217,2222,2847,2816,2736,2718,3151
1716468908144320522,2223,2086,2858,2791,2728,2709,2896
1716468908159632958,2249,2233,2830,2795,2743,2744,2975
1716468908174189123,2272,2226,2827,2794,2739,2733,2912
1716468908189663774,2211,2216,2855,2812,2842,2901,3241
1716468908204284705,2233,2231,2848,2826,2785,2744,2899
1716468908365915083,2233,2231,2848,2826,2785,2744,2899
1716468908381593685,2226,2219,2849,2819,2761,2764,2929
1716468908398121130,2245,2248,2823,2783,2724,2707,2893
1716468908413769912,2230,2222,2853,2851,2835,2883,3190
1716468908428410149,2255,2241,2821,2792,2707,2712,2880
1716468908443223147,2258,2251,2846,2858,2832,2856,2885
1716468908458486178,2201,2201,2858,2800,2729,2688,2824
1716468908473266994,2250,2216,2846,2844,2827,2743,2897
1716468908488683252,2261,2248,2854,2799,2734,2721,2958
1716468908503586346,2249,2250,2854,2803,2732,2709,2880
1716468908518836065,2248,2202,2856,2821,2754,2738,2967
1716468908533608489,2226,2227,2864,2801,2772,2730,2902
1716468908548907826,2198,2188,2841,2804,2740,2755,3234
1716468908563734218,2248,2261,2816,2829,2729,2700,2899
1716468908578211407,2241,2295,2839,2773,2713,2868,3150
1716468908593220436,2244,2220,2860,2837,2734,2717,2911
1716468908608218838,2207,2213,2856,2791,2741,2710,2868
1716468908624909101,2230,2230,2861,2830,2752,2745,2956
1716468908639322290,2229,2228,2850,2809,2757,2745,2973
1716468908653792323,2231,2225,2863,2783,2711,2692,2837
1716468908668858483,2219,2208,2845,2796,2739,2713,3224
1716468908684448401,2202,2217,2849,2839,2817,2714,2877
1716468908699250676,2226,2241,2821,2780,2737,2857,3182
1716468908715624378,2243,2252,2889,2801,2758,2737,2899
1716468908731313329,2222,2223,2851,2846,2808,2718,2891
1716468908746520949,2208,2219,2846,2800,2743,2731,2920
1716468908770902569,2253,2247,2847,2808,2757,2741,2915
1716468908783864931,2214,2206,2862,2791,2730,2694,2870
1716468908798362268,2241,2222,2881,2869,2863,2913,3225
1716468908814134745,2206,2211,2856,2795,2721,2710,2867
1716468908831479083,2281,2254,2826,2780,2723,2725,2904
1716468908846957075,2268,2234,2826,2783,2820,2870,3125
1716468908860278685,2233,2217,2842,2798,2761,2761,2950
1716468908875227568,2256,2236,2849,2849,2842,2741,2917
1716468908890264821,2227,2234,2846,2823,2763,2747,2920
1716468908905642406,2242,2219,2864,2837,2823,2865,2924
1716468908920523719,2225,2230,2825,2789,2756,2728,2892
1716468908935285664,2222,2217,2833,2851,2840,2742,2935
1716468908950210110,2266,2227,2862,2793,2733,2708,2883
1716468908965318338,2245,2255,2861,2860,2786,2768,2964
1716468908980927526,2201,2195,2850,2804,2745,2740,2945
1716468908995975391,2214,2226,2875,2810,2735,2707,2855
1716468909010844298,2219,2207,2846,2808,2756,2764,3273
1716468909025309658,2245,2243,2817,2834,2819,2708,2855
1716468909040517082,2258,2248,2809,2781,2783,2918,3259
1716468909055406529,2211,2206,2849,2807,2761,2739,2946
1716468909070194096,2252,2244,2832,2802,2755,2746,2977
1716468909085225265,2244,2243,2827,2856,2783,2775,2964
1716468909100601016,2230,2217,2850,2812,2768,2757,2983
1716468909115211165,2232,2245,2829,2809,2746,2733,2931
1716468909130156228,2255,2255,2821,2794,2720,2701,3152
1716468909145181880,2263,2253,2820,2776,2722,2701,2884
1716468909162161402,2201,2127,2857,2795,2734,2714,2888
1716468909177532471,2241,2242,2822,2786,2731,2715,2939
1716468909192214193,2230,2273,2827,2796,2710,2673,2825
1716468909207249778,2208,2212,2861,2802,2734,2721,3216
1716468909222237122,2266,2260,2864,2787,2719,2690,2891
1716468909237577838,2247,2245,2831,2792,2765,2881,3171
1716468909252415468,2251,2256,2847,2796,2743,2743,2933
1716468909267601615,2219,2222,2846,2809,2764,2768,2953
1716468909282531154,2269,2262,2856,2810,2763,2761,2962
1716468909297396796,2247,2217,2823,2882,2871,2919,3233
1716468909312249135,2254,2247,2842,2809,2744,2710,2876
1716468909327246820,2213,2212,2855,2800,2835,2869,2911
1716468909342263553,2235,2200,2854,2798,2753,2743,2917
1716468909357792209,2215,2225,2858,2788,2757,2891,3220
1716468909372335469,2218,2221,2853,2845,2824,2729,2875
1716468909387270297,2263,2261,2823,2825,2869,2916,2910
1716468909404355896,2230,2246,2828,2785,2712,2682,2836
1716468909419288621,2228,2229,2854,2786,2731,2699,2893
1716468909435165738,2240,2246,2812,2789,2733,2856,2929
1716468909449686866,2251,2243,2847,2821,2757,2745,2936
1716468909464574798,2195,2188,2839,2801,2841,2900,2964
1716468909479699016,2231,2224,2858,2796,2733,2688,2838
1716468909494659827,2234,2185,2870,2854,2826,2859,3170
1716468909509460485,2204,2216,2854,2783,2729,2715,2923
1716468909524492754,2219,2241,2846,2851,2819,2865,2883
1716468909539481244,2249,2233,2833,2798,2726,2722,2924
1716468909554584822,2228,2234,2841,2845,2828,2731,2893
1716468909569358969,2242,2231,2852,2800,2769,2754,2990
1716468909584244327,2240,2223,2833,2821,2773,2765,2957
1716468909599354748,2247,2214,2859,2802,2757,2764,3022
1716468909614912874,2224,2183,2851,2820,2768,2740,2918
1716468909629406059,2261,2256,2857,2807,2727,2713,3191
1716468909644857921,2244,2186,2854,2805,2737,2722,2915
1716468909659342591,2217,2211,2853,2798,2741,2706,2863
1716468909674313089,2251,2275,2834,2853,2757,2746,2926
1716468909689345395,2210,2213,2855,2786,2748,2715,2866
1716468909704306993,2220,2213,2857,2835,2763,2771,2937
1716468909719300863,2241,2232,2821,2795,2736,2732,3214
1716468909734392931,2244,2233,2872,2805,2731,2699,2862
1716468909750348959,2217,2248,2822,2796,2730,2706,2897
1716468909765369156,2216,2220,2867,2865,2853,2758,2935
1716468909780603750,2233,2231,2853,2817,2769,2736,2890
1716468909795530842,2212,2227,2848,2843,2831,2862,2890
1716468909810639175,2233,2242,2819,2769,2710,2722,3241
1716468909825286814,2255,2233,2850,2855,2844,2741,2904
1716468909840611651,2180,2199,2860,2770,2729,2719,2982
1716468909855191150,2229,2228,2857,2833,2738,2697,2860
1716468909870211377,2083,2202,2850,2799,2738,2709,2949
1716468909885286210,2230,2234,2851,2800,2739,2716,2865
1716468909900764911,2221,2221,2853,2817,2753,2747,3256
1716468909915313018,2215,2215,2860,2799,2726,2691,2863
1716468909930445335,2248,2230,2854,2796,2778,2888,3202
1716468909945753507,2265,2261,2830,2859,2752,2737,2922
1716468909961324821,2210,2207,2848,2810,2754,2753,2897
1716468909975265527,2270,2266,2833,2807,2753,2741,2934
1716468909990189529,2213,2225,2820,2785,2736,2911,3225
1716468910005576924,2226,2232,2869,2806,2729,2728,2883
1716468910021423473,2094,2208,2779,2791,2758,2740,2951
1716468910037317532,2259,2255,2833,2833,2860,2916,3233
1716468910052160380,2220,2221,2852,2798,2759,2917,3243
1716468910067314787,2215,2210,2856,2809,2753,2742,2965
1716468910082175299,2236,2261,2861,2817,2756,2759,2973
1716468910097253496,2194,2182,2853,2791,2715,2706,2896
1716468910112617373,2135,2202,2856,2788,2719,2711,2880
1716468910127648858,2240,2232,2856,2820,2761,2880,3202
1716468910142174525,2224,2214,2859,2816,2756,2759,2939
1716468910157218548,2240,2227,2825,2788,2831,2890,3225
1716468910172559675,2242,2235,2848,2798,2732,2697,2832
1716468910187537610,2248,2258,2849,2849,2821,2875,3166
1716468910202545388,2228,2241,2820,2784,2706,2690,2899
1716468910217802191,2192,2208,2849,2839,2807,2843,2896
1716468910232674305,2236,2233,2822,2776,2726,2701,2909
1716468910249197428,2221,2220,2820,2847,2831,2731,2905
1716468910264395631,2204,2205,2863,2854,2860,2911,2959
1716468910279304305,2230,2206,2830,2805,2741,2715,2869
1716468910294200140,2220,2220,2842,2855,2836,2874,2911
1716468910309768623,2208,2208,2864,2789,2726,2719,2888
1716468910324318375,2209,2216,2865,2845,2810,2721,2921
1716468910339910973,2126,2213,2852,2794,2721,2738,3004
1716468910354628692,2255,2251,2849,2863,2772,2753,2928
1716468910369448125,2227,2241,2856,2811,2756,2741,2979
1716468910384675265,2226,2232,2881,2856,2748,2715,2870
1716468910399256828,2205,2215,2833,2817,2762,2763,3276
1716468910414744834,2219,2217,2854,2802,2727,2698,2899
1716468910429626586,2228,2229,2827,2782,2741,2732,2914
1716468910444613041,2215,2218,2858,2848,2758,2753,2952
1716468910459417225,2203,2207,2851,2797,2860,2906,3189
1716468910474250865,2235,2229,2853,2846,2744,2721,2932
1716468910489497578,2236,2234,2828,2769,2765,2748,2925
1716468910504271095,2247,2250,2860,2816,2763,2759,2961
1716468910519246853,2262,2232,2824,2800,2731,2715,2920
1716468910534368834,2240,2228,2855,2798,2743,2707,2869
1716468910549299975,2208,2245,2818,2787,2753,2907,3242
1716468910564828912,2269,2248,2816,2845,2843,2761,2929
1716468910579572220,2202,2229,2822,2807,2844,2914,3249
1716468910594252253,2206,2197,2818,2795,2739,2728,2902
1716468910609622080,2225,2103,2858,2773,2838,2875,3139
1716468910624983352,2257,2235,2827,2799,2741,2731,2941
1716468910639664623,2222,2213,2859,2801,2839,2881,2938
1716468910654793274,2247,2209,2847,2809,2768,2741,2933
1716468910669672849,2246,2242,2840,2797,2763,2888,3184
1716468910684768669,2258,2228,2821,2799,2766,2752,3002
1716468910700602477,2202,2208,2848,2799,2752,2932,3255
1716468910715516845,2219,2210,2858,2797,2753,2739,2923
1716468910731765341,2252,2261,2852,2793,2752,2739,3207
1716468910745578358,2240,2225,2859,2857,2788,2769,2949
1716468910760594530,2234,2217,2844,2821,2780,2769,2987
1716468910775190246,2220,2217,2872,2810,2758,2775,2983
1716468910790315606,2250,2233,2847,2793,2720,2703,3139
1716468910805550199,2231,2215,2861,2765,2722,2707,2868
1716468910820278398,2219,2215,2851,2805,2777,2909,2986
1716468910835253124,2229,2218,2850,2845,2824,2736,2923
1716468910850278511,2256,2246,2810,2797,2842,2914,3257
1716468910865285830,2240,2224,2822,2802,2763,2763,2925
1716468910880939889,2233,2229,2869,2821,2854,2905,3194
1716468910895229818,2213,2210,2755,2799,2746,2726,2883
1716468910910566149,2232,2229,2835,2818,2767,2889,2919
1716468910925169399,2244,2219,2852,2784,2731,2720,2929
1716468910940436509,2213,2205,2849,2796,2755,2737,2897
1716468910955547718,2250,2249,2841,2803,2764,2754,2985
1716468910970357807,2255,2260,2864,2804,2731,2708,2882
1716468910985220751,2212,2191,2850,2803,2744,2718,2957
1716468911001021313,2191,2207,2830,2810,2745,2725,2909
1716468911015346872,2222,2213,2855,2803,2754,2743,3236
1716468911030497092,2245,2268,2827,2847,2833,2865,2920
1716468911045313997,2217,2204,2861,2784,2713,2701,3140
1716468911060280366,2212,2209,2850,2869,2847,2769,2946
1716468911075232932,2219,2207,2852,2803,2753,2736,2940
1716468911090515014,2250,2242,2847,2858,2780,2769,2990
1716468911105368031,2264,2253,2828,2811,2758,2754,2945
1716468911120553562,2251,2265,2837,2787,2727,2705,2880
1716468911135229031,2252,2236,2837,2800,2739,2745,3248
1716468911150233020,2206,2176,2849,2798,2755,2753,2931
1716468911165563876,2240,2235,2850,2794,2755,2896,3218
1716468911180691245,2247,2205,2857,2793,2727,2705,2871
1716468911195149445,2255,2254,2854,2823,2866,2913,3231
1716468911210455177,2224,2225,2849,2808,2763,2764,2951
1716468911225405361,2244,2245,2829,2868,2851,2896,3200
1716468911240165739,2276,2268,2824,2796,2757,2746,2939
1716468911255222728,2226,2219,2849,2816,2768,2749,2828
1716468911270167795,2229,2212,2853,2791,2726,2713,2898
1716468911285446545,2235,2243,2861,2816,2765,2739,2947
1716468911300456614,2267,2226,2825,2793,2747,2735,2932
1716468911315290448,2207,2208,2850,2821,2857,2917,2959
1716468911330583622,2210,2212,2875,2807,2759,2745,2905
1716468911345277000,2214,2218,2861,2870,2848,2909,3222
1716468911360293334,2232,2233,2830,2789,2724,2697,2855
1716468911375614240,2189,2209,2842,2838,2831,2866,2903
1716468911390241906,2218,2221,2862,2803,2732,2725,2901
1716468911405762293,2235,2213,2852,2851,2842,2770,2969
1716468911420608789,2251,2241,2823,2787,2757,2733,2986
1716468911435688606,2250,2245,2855,2852,2771,2757,2913
1716468911450576544,2224,2217,2853,2831,2767,2744,2976
1716468911465487932,2208,2199,2854,2816,2752,2723,2849
1716468911480997634,2217,2213,2853,2808,2756,2755,3252
1716468911495606429,2209,2211,2848,2790,2726,2699,2887
1716468911510668688,2232,2225,2841,2792,2741,2727,2900
1716468911526613151,2222,2214,2836,2850,2841,2885,2922
1716468911541669740,2229,2240,2850,2791,2743,2723,2926
1716468911556694452,2264,2245,2817,2780,2733,2703,2849
1716468911571202763,2260,2218,2863,2789,2757,2747,2969
1716468911586525938,2249,2262,2834,2859,2772,2760,2961
1716468911602167432,2221,2226,2847,2802,2733,2709,2882
1716468911617236252,2214,2215,2861,2805,2753,2734,3211
1716468911632217343,2240,2226,2854,2846,2778,2752,2944
1716468911647415199,2229,2233,2837,2810,2732,2713,2944
1716468911662333619,2218,2227,2865,2807,2762,2762,2953
1716468911677320698,2207,2210,2860,2794,2734,2695,3100
1716468911692908265,2251,2241,2850,2799,2742,2730,2912
1716468911707571466,2230,2233,2849,2793,2767,2914,3241
1716468911722442829,2244,2240,2847,2802,2726,2719,2896
1716468911737244584,2245,2249,2853,2825,2867,2914,3267
1716468911752598408,2217,2219,2836,2818,2775,2765,2925
1716468911767288310,2206,2214,2885,2869,2860,2901,3214
1716468911782155232,2200,2224,2835,2803,2754,2747,2897
1716468911797211431,2208,2214,2818,2846,2852,2888,2936
1716468911812141520,2212,2086,2853,2758,2740,2723,2938
1716468911827220095,2218,2215,2820,2837,2825,2728,2907
1716468911842184752,2248,2226,2848,2802,2741,2711,2964
1716468911857209303,2215,2226,2846,2803,2758,2726,2876
1716468911872300634,2217,2216,2853,2791,2734,2728,2913
1716468911887126352,2228,2218,2851,2821,2733,2703,2888
1716468911902187224,2212,2206,2859,2809,2736,2737,3226
1716468911917314063,2204,2217,2845,2842,2803,2849,2882
1716468911932321750,2202,2205,2865,2780,2738,2719,3169
1716468911947305265,2255,2235,2804,2847,2828,2768,2940
1716468911962207970,2197,2199,2854,2790,2766,2734,2911
1716468911977269596,2210,2209,2853,2844,2774,2775,2969
1716468911992281426,2232,2251,2830,2821,2764,2736,2989
1716468912007481618,2227,2223,2866,2798,2722,2712,2858
1716468912022432776,2240,2242,2845,2800,2742,2723,3216
1716468912037885444,2218,2256,2846,2793,2725,2734,2893
1716468912052294081,2254,2245,2820,2789,2764,2895,3223
1716468912069333633,2197,2241,2821,2792,2731,2712,2883
1716468912082294152,2243,2224,2820,2833,2874,2907,3231
1716468912098933030,2222,2229,2840,2829,2777,2754,2941
1716468912112238667,2249,2249,2885,2847,2824,2874,3169
1716468912127235739,2241,2231,2868,2817,2748,2722,2915
1716468912143274253,2214,2220,2848,2802,2744,2764,2979
1716468912158653268,2246,2248,2857,2809,2735,2717,2855
1716468912174586386,2264,2250,2825,2853,2770,2761,2912
1716468912190201562,2249,2226,2851,2800,2748,2742,2919
1716468912205674623,2223,2228,2856,2830,2756,2752,2953
1716468912220152252,2227,2223,2848,2809,2754,2747,3005
1716468912236177311,2230,2221,2855,2833,2846,2904,3233
1716468912251448504,2234,2240,2860,2825,2775,2754,2932
1716468912266234212,2225,2218,2844,2809,2869,2903,3228
1716468912281472831,2215,2206,2862,2800,2732,2708,2863
1716468912296810509,2248,2246,2847,2794,2747,2729,2907
1716468912312198975,2210,2211,2850,2807,2752,2738,2930
1716468912328222252,2220,2219,2836,2803,2733,2752,2969
1716468912343169352,2210,2201,2850,2808,2844,2893,2923
1716468912358159615,2214,2213,2832,2822,2764,2734,2898
1716468912373225512,2231,2213,2842,2804,2742,2870,2913
1716468912388197549,2228,2205,2853,2797,2737,2719,2875
1716468912403220997,2212,2213,2848,2790,2761,2767,2969
1716468912418190882,2219,2214,2857,2795,2729,2703,2851
1716468912433199963,2227,2224,2836,2819,2876,2926,3255
1716468912448215226,2229,2246,2844,2818,2773,2770,2962
1716468912463199061,2181,2200,2857,2800,2752,2905,3194
1716468912478134256,2119,2213,2850,2820,2762,2765,2945
1716468912493149161,2207,2094,2851,2839,2837,2880,2921
1716468912508184451,2228,2221,2844,2794,2730,2729,2938
1716468912523195705,2224,2244,2853,2809,2744,2720,2898
1716468912538216437,2271,2236,2821,2800,2761,2743,2972
1716468912553216236,2251,2246,2857,2841,2763,2769,2968
1716468912568223937,2241,2228,2857,2797,2745,2748,2979
1716468912583224629,2202,2204,2829,2816,2765,2744,2931
1716468912598637801,2216,2221,2853,2802,2734,2710,2864
1716468912613795941,2201,2214,2850,2845,2732,2710,2877
1716468912628131967,2209,2215,2849,2793,2763,2906,2978
1716468912643155215,2231,2244,2844,2861,2832,2739,2893
1716468912658193804,2224,2230,2851,2802,2756,2734,2991
1716468912673211380,2250,2255,2827,2844,2744,2731,2880
1716468912688145577,2204,2196,2853,2809,2764,2754,3195
1716468912703153496,2243,2245,2829,2805,2761,2738,2868
1716468912718255505,2221,2210,2857,2810,2759,2753,3254
1716468912733253634,2257,2223,2833,2741,2723,2698,2884
1716468912748227914,2210,2219,2850,2796,2769,2912,3222
1716468912763249391,2266,2262,2835,2789,2740,2731,2921
1716468912778210166,2211,2205,2854,2819,2852,2906,3217
1716468912793308960,2259,2217,2845,2802,2735,2722,2928
1716468912808150024,2222,2222,2850,2821,2778,2753,2890
1716468912823204913,2252,2255,2838,2821,2760,2758,2967
1716468912838206287,2234,2233,2852,2845,2839,2893,2958
1716468912853230484,2245,2219,2852,2791,2738,2701,2873
1716468912868229609,2203,2203,2851,2794,2769,2916,3248
1716468912883187331,2230,2218,2857,2810,2772,2754,2954
1716468912898285654,2221,2213,2845,2817,2762,2756,2968
1716468912913216665,2267,2251,2836,2793,2753,2744,2918
1716468912928093525,2230,2244,2868,2852,2825,2869,3164
1716468912943207745,2210,2227,2830,2817,2766,2760,3264
1716468912958235776,2210,2235,2847,2844,2847,2906,2961
1716468912973267872,2251,2258,2836,2785,2727,2721,2915
1716468912988145301,2244,2251,2819,2826,2805,2710,2864
1716468913003226340,2206,2209,2848,2795,2763,2742,2969
1716468913018231103,2260,2268,2839,2840,2754,2761,2956
1716468913033501949,2197,2202,2855,2796,2735,2729,2981
1716468913048187509,2233,2233,2848,2823,2767,2739,2911
1716468913063191490,2229,2224,2809,2798,2743,2717,3184
1716468913078231141,2228,2241,2824,2826,2827,2868,2913
1716468913093225375,2203,2210,2849,2794,2741,2743,2924
1716468913108166294,2245,2251,2847,2804,2735,2731,2926
1716468913123222524,2195,2189,2849,2819,2854,2900,3237
1716468913138243420,2245,2244,2845,2862,2774,2760,2908
1716468913153287114,2197,2209,2854,2865,2846,2903,3222
1716468913168179539,2241,2227,2864,2803,2736,2700,2853
1716468913183231350,2209,2223,2849,2809,2754,2742,3226
1716468913198307769,2230,2212,2860,2799,2724,2704,2867
1716468913213752762,2198,2205,2854,2804,2766,2918,3266
1716468913228159416,2224,2206,2842,2801,2756,2746,2987
1716468913243208080,2285,2229,2828,2811,2843,2902,2910
1716468913258230719,2258,2258,2834,2801,2762,2745,2941
1716468913273203120,2249,2208,2857,2836,2810,2841,3104
1716468913288130105,2233,2207,2848,2767,2756,2736,2959
1716468913303173150,2247,2257,2810,2826,2727,2704,2897
1716468913318258735,2259,2241,2833,2803,2734,2702,2873
1716468913333273534,2205,2261,2819,2841,2838,2757,2950
1716468913348220020,2227,2205,2845,2806,2752,2732,2935
1716468913363230461,2199,2208,2853,2856,2771,2777,2988
1716468913378217725,2244,2271,2820,2816,2756,2733,2889
1716468913393233128,2217,2216,2885,2809,2735,2703,2874
1716468913408211336,2202,2202,2855,2805,2743,2735,3254
1716468913423225812,2227,2232,2841,2860,2782,2753,2901
1716468913438236323,2256,2226,2821,2795,2715,2876,3207
1716468913453232236,2256,2261,2817,2845,2833,2729,2859
1716468913468167770,2221,2216,2852,2819,2848,2896,3221
1716468913483188699,2205,2198,2855,2784,2722,2710,2935
1716468913498678517,2202,2194,2854,2806,2734,2726,2965
1716468913513397435,2235,2227,2848,2816,2773,2736,2919
1716468913528460810,2206,2196,2841,2801,2745,2747,2887
1716468913543223182,2225,2202,2854,2789,2720,2712,2912
1716468913558184438,2218,2223,2847,2791,2734,2848,3130
1716468913573230728,2214,2199,2839,2798,2765,2758,2956
1716468913588161914,2223,2202,2845,2825,2762,2730,2920
1716468913603218077,2266,2225,2852,2801,2740,2728,2918
1716468913618207935,2225,2245,2848,2800,2850,2897,3220
1716468913633267309,2249,2259,2834,2805,2765,2729,2856
1716468913648225494,2234,2235,2823,2805,2734,2725,3232
1716468913663221069,2241,2222,2837,2787,2731,2723,2886
1716468913678218594,2231,2231,2844,2792,2774,2920,3252
1716468913693179659,2272,2249,2819,2782,2761,2742,2988
1716468913708170534,2243,2256,2851,2860,2766,2746,2932
1716468913723244316,2208,2208,2849,2816,2780,2762,3005
1716468913739233764,2245,2229,2834,2796,2868,2914,3259
1716468913754186754,2252,2252,2843,2869,2791,2754,2887
1716468913769189985,2207,2211,2850,2818,2773,2756,3012
1716468913784183194,2251,2243,2855,2858,2848,2905,2911
1716468913799233985,2212,2208,2847,2805,2761,2761,3282
1716468913814784496,2217,2186,2855,2789,2734,2707,2893
1716468913829660719,2258,2235,2823,2784,2753,2896,3193
1716468913844122604,2253,2249,2847,2790,2752,2743,2932
1716468913859260366,2228,2190,2838,2835,2858,2892,3177
1716468913874233691,2213,2201,2857,2817,2783,2763,2953
1716468913889248448,2223,2212,2857,2818,2776,2753,2945
1716468913904245442,2231,2232,2848,2819,2760,2758,2929
1716468913919242213,2256,2258,2833,2852,2829,2884,2940
1716468913934270710,2227,2193,2817,2800,2737,2721,2892
1716468913949451002,2220,2224,2853,2797,2773,2757,2949
1716468913964252953,2228,2202,2836,2788,2741,2718,2885
1716468913979235167,2245,2252,2861,2841,2772,2766,2952
1716468913994599442,2217,2218,2847,2799,2756,2759,2960
1716468914010635099,2208,2211,2859,2794,2739,2909,3235
1716468914025889111,2217,2216,2859,2807,2758,2738,2896
1716468914040205500,2205,2203,2857,2804,2847,2910,3206
1716468914055613641,2269,2255,2826,2802,2735,2702,2855
1716468914071205241,2244,2245,2808,2801,2766,2727,2845
1716468914087261967,2221,2207,2851,2805,2745,2714,2883
1716468914102127571,2256,2259,2861,2816,2779,2768,2968
1716468914117234017,2258,2249,2816,2807,2881,2921,3214
1716468914132120466,2232,2249,2864,2821,2779,2752,2903
1716468914147589482,2276,2249,2826,2798,2833,2866,2917
1716468914162253356,2266,2266,2822,2789,2724,2714,2866
1716468914177893798,2255,2277,2827,2796,2761,2898,3236
1716468914193265650,2260,2281,2829,2839,2823,2866,2914
1716468914208156556,2201,2223,2843,2806,2758,2766,2962
1716468914223162404,2289,2273,2820,2847,2838,2752,2941
1716468914238132807,2240,2247,2850,2803,2754,2734,2968
1716468914253160510,2221,2225,2853,2858,2780,2775,2956
1716468914268126034,2247,2254,2846,2833,2775,2770,3025
1716468914283192585,2261,2271,2852,2816,2757,2744,2926
1716468914298219809,2269,2240,2811,2791,2739,2733,3230
1716468914314227680,2227,2226,2873,2849,2830,2875,3184
1716468914329137928,2233,2228,2849,2806,2758,2742,2933
1716468914344156344,2215,2225,2854,2842,2847,2896,2934
1716468914359210957,2272,2250,2824,2781,2726,2727,2933
1716468914374156835,2253,2267,2818,2848,2832,2736,2895
1716468914389685625,2241,2259,2805,2781,2753,2743,2976
1716468914404198082,2224,2243,2848,2822,2773,2741,2905
1716468914419177533,2214,2213,2833,2807,2755,2739,2970
1716468914434203614,2221,2221,2849,2809,2752,2740,2893
1716468914449161367,2236,2240,2847,2812,2737,2729,3226
1716468914464147170,2247,2250,2852,2839,2826,2709,2888
1716468914479239866,2228,2199,2855,2805,2769,2884,3172
1716468914494549938,2207,2229,2850,2847,2826,2743,2919
1716468914509578500,2247,2247,2840,2811,2769,2742,2963
1716468914524139570,2268,2263,2829,2852,2765,2764,2953
1716468914539100341,2233,2252,2846,2800,2754,2741,2985
1716468914554194135,2233,2230,2857,2808,2752,2712,2848
1716468914569214402,2248,2242,2842,2805,2740,2725,3221
1716468914584140714,2251,2244,2852,2791,2717,2694,2873
1716468914599195582,2228,2215,2856,2807,2739,2881,3212
1716468914614192246,2278,2241,2823,2784,2711,2709,2874
1716468914629097968,2229,2260,2824,2817,2851,2902,3204
1716468914644165790,2254,2265,2821,2788,2741,2729,2922
1716468914659067802,2251,2228,2888,2858,2822,2883,3185
1716468914674228328,2253,2241,2825,2801,2760,2737,2953
1716468914689206940,2248,2255,2855,2796,2736,2704,2836
1716468914704655111,2228,2209,2831,2778,2730,2723,2924
1716468914719187916,2262,2265,2857,2846,2841,2759,2969
1716468914734157171,2246,2224,2860,2810,2754,2733,2962
1716468914749645012,2215,2177,2850,2809,2763,2753,2945
1716468914764166188,2252,2243,2816,2809,2761,2756,2945
1716468914784660535,2233,2227,2849,2788,2746,2740,2920
1716468914799189786,2321,2293,2822,2845,2832,2748,2945
1716468914814225373,2214,2221,2848,2804,2754,2740,2944
1716468914829193929,2270,2264,2845,2853,2777,2769,2961
1716468914844667219,2231,2234,2848,2829,2767,2746,2865
1716468914859216331,2277,2264,2851,2820,2768,2744,2928
1716468914874187313,2293,2270,2851,2817,2760,2774,3279
1716468914889180200,2257,2259,2860,2795,2729,2699,2873
1716468914904142073,2268,2279,2849,2787,2732,2900,3223
1716468914919171025,2261,2257,2852,2845,2754,2748,2908
1716468914934164389,2234,2233,2848,2792,2762,2922,3256
1716468914949154256,2244,2254,2849,2799,2742,2718,2946
1716468914964187902,2217,2227,2855,2801,2753,2746,3188
1716468914979095657,2234,2221,2872,2820,2768,2762,2953
1716468914994141970,2223,2219,2856,2806,2721,2743,3238
1716468915009589218,2269,2235,2832,2785,2737,2713,2905
1716468915024151312,2225,2223,2856,2798,2745,2867,3167
1716468915039152093,2242,2231,2850,2796,2761,2767,2938
1716468915054143158,2235,2265,2831,2797,2770,2754,2926
1716468915069532926,2246,2240,2849,2804,2756,2758,2946
1716468915084121545,2225,2217,2887,2868,2851,2905,3214
1716468915099166471,2255,2244,2828,2805,2744,2724,2884
1716468915114253181,2221,2224,2851,2837,2823,2869,2902
1716468915129183174,2257,2235,2843,2787,2746,2731,2892
1716468915144123617,2229,2229,2840,2804,2842,2757,2947
1716468915159156151,2260,2253,2849,2783,2745,2724,2982
1716468915174218242,2219,2221,2844,2870,2776,2763,2944
1716468915189151804,2225,2220,2856,2816,2781,2774,3020
1716468915204193423,2210,2222,2859,2864,2762,2731,2885
1716468915219146099,2227,2218,2858,2821,2778,2759,3253
1716468915234226752,2240,2255,2866,2787,2801,2829,2823
1716468915249317791,2244,2252,2829,2782,2752,2927,3258
1716468915264218842,2247,2249,2823,2845,2838,2766,2958
1716468915279108947,2255,2253,2820,2784,2741,2734,2973
1716468915294420549,2253,2254,2831,2848,2775,2739,2955
1716468915309093813,2242,2256,2855,2817,2780,2764,2963
1716468915324116382,2215,2217,2862,2809,2756,2748,2946
1716468915339119656,2249,2258,2855,2795,2724,2705,2885
1716468915354151612,2234,2197,2854,2795,2725,2704,2884
1716468915369180805,2235,2230,2865,2790,2732,2720,3248
1716468915384080880,2264,2225,2848,2812,2766,2773,2947
1716468915400106988,2210,2210,2859,2796,2733,2720,2899
1716468915415090349,2222,2211,2818,2837,2841,2764,2956
1716468915430231609,2259,2231,2861,2817,2769,2754,2906
1716468915445136031,2221,2216,2856,2839,2763,2747,2945
1716468915460123075,2231,2250,2850,2817,2768,2766,3017
1716468915475128885,2220,2221,2881,2867,2739,2702,2858
1716468915490173035,2206,2212,2854,2801,2745,2765,3246
1716468915505148882,2233,2249,2847,2857,2755,2715,2888
1716468915520136737,2254,2235,2853,2790,2722,2875,3207
1716468915535181722,2210,2222,2887,2809,2820,2745,2910
1716468915550531693,2223,2210,2855,2800,2745,2733,2967
1716468915565136779,2229,2230,2785,2845,2747,2727,2951
1716468915580243316,2229,2228,2838,2789,2736,2736,2969
1716468915595156387,2254,2229,2857,2818,2778,2741,2918
1716468915610126928,2228,2225,2850,2799,2725,2739,3189
1716468915625153514,2225,2231,2846,2803,2696,2711,2865
1716468915640173977,2234,2221,2849,2796,2713,2705,2869
1716468915655119501,2260,2257,2849,2808,2727,2707,2881
1716468915670634984,2255,2265,2804,2773,2725,2699,2892
1716468915685205285,2243,2241,2854,2788,2745,2725,2897
1716468915700141501,2260,2250,2841,2842,2832,2861,3201
1716468915715144509,2234,2245,2839,2807,2744,2692,2851
1716468915730140453,2248,2246,2830,2816,2756,2733,3216
1716468915745099844,2248,2253,2852,2797,2753,2729,2920
1716468915760183533,2212,2217,2816,2853,2837,2758,2953
1716468915775162339,2248,2240,2853,2799,2736,2728,2960
1716468915790332796,2205,2207,2856,2801,2830,2729,2895
1716468915805146910,2222,2217,2857,2790,2725,2724,2961
1716468915820156654,2243,2236,2823,2786,2818,2871,2906
1716468915835152264,2225,2229,2871,2812,2757,2758,2973
1716468915850138746,2222,2230,2851,2845,2821,2715,2894
1716468915865161660,2235,2119,2845,2788,2714,2700,2865
1716468915880131433,2252,2243,2827,2850,2833,2743,2931
1716468915895105738,2283,2253,2823,2789,2733,2730,2958
1716468915910206193,2221,2223,2853,2856,2755,2753,2956
1716468915925177512,2246,2245,2839,2796,2756,2709,2853
1716468915940125063,2215,2258,2841,2802,2745,2723,2869
1716468915955159108,2211,2217,2833,2795,2730,2717,3222
1716468915970166398,2222,2242,2850,2853,2837,2716,2865
1716468915985070039,2256,2263,2856,2797,2755,2882,3211
1716468916000074361,2259,2215,2855,2741,2711,2697,2830
1716468916015164294,2270,2253,2828,2825,2850,2919,3225
1716468916030127810,2224,2226,2847,2790,2745,2738,2935
1716468916045149263,2221,2214,2848,2794,2737,2726,2947
1716468916060092569,2248,2236,2853,2821,2784,2746,2921
1716468916075525762,2228,2222,2859,2816,2742,2719,3232
1716468916090125926,2256,2219,2851,2797,2744,2709,2899
1716468916105182219,2221,2221,2856,2788,2742,2841,3120
1716468916120159587,2256,2248,2855,2797,2727,2729,2906
1716468916135172101,2225,2212,2862,2805,2827,2740,2959
1716468916150153487,2217,2205,2859,2784,2743,2712,2902
1716468916165209807,2247,2242,2843,2849,2830,2901,2954
1716468916180592373,2221,2226,2850,2802,2718,2685,2848
1716468916195320412,2223,2229,2864,2840,2823,2863,2912
1716468916210250812,2248,2259,2821,2789,2726,2713,2890
